Squibnocket_Pond/nl_X_coord.asc
NCOLS 261 
NROWS 387 
XLLCORNER -7881650.9627 
YLLCORNER 5057895.48380001 
CELLSIZE 18 
NODATA_value -7881553 
[rows 280 to 307 of 387, columns 0 to 62 of 261]
-7881553 -7881553 -7881553 -7881553 -7881553 -7881552 -7881534 -7881516 -7881498 -7881480 -7881462 -7881444 -7881426 -7881408 -7881390 -7881372 -7881354 -7881336 -7881318 -7881300 -7881282 -7881264 -7881246 -7881228 -7881210 -7881192 -7881174 -7881156 -7881138 -7881120 -7881102 -7881084 -7881066 -7881048 -7881030 -7881012 -7880994 -7880976 -7880958 -7880940 -7880922 -7880904 -7880886 -7880868 -7880850 -7880832 -7880814 -7880796 -7880778 -7880760 -7880742 -7880724 -7880706 -7880688 -7880670 -7880652 -7880634 -7880616 -7880598 -7880580 -7880562 -7880544 -7880526
-7881553 -7881553 -7881553 -7881553 -7881553 -7881552 -7881534 -7881516 -7881498 -7881480 -7881462 -7881444 -7881426 -7881408 -7881390 -7881372 -7881354 -7881336 -7881318 -7881300 -7881282 -7881264 -7881246 -7881228 -7881210 -7881192 -7881174 -7881156 -7881138 -7881120 -7881102 -7881084 -7881066 -7881048 -7881030 -7881012 -7880994 -7880976 -7880958 -7880940 -7880922 -7880904 -7880886 -7880868 -7880850 -7880832 -7880814 -7880796 -7880778 -7880760 -7880742 -7880724 -7880706 -7880688 -7880670 -7880652 -7880634 -7880616 -7880598 -7880580 -7880562 -7880544 -7880526
-7881553 -7881553 -7881553 -7881553 -7881553 -7881552 -7881534 -7881516 -7881498 -7881480 -7881462 -7881444 -7881426 -7881408 -7881390 -7881372 -7881354 -7881336 -7881318 -7881300 -7881282 -7881264 -7881246 -7881228 -7881210 -7881192 -7881174 -7881156 -7881138 -7881120 -7881102 -7881084 -7881066 -7881048 -7881030 -7881012 -7880994 -7880976 -7880958 -7880940 -7880922 -7880904 -7880886 -7880868 -7880850 -7880832 -7880814 -7880796 -7880778 -7880760 -7880742 -7880724 -7880706 -7880688 -7880670 -7880652 -7880634 -7880616 -7880598 -7880580 -7880562 -7880544 -7880526
-7881553 -7881553 -7881553 -7881553 -7881553 -7881552 -7881534 -7881516 -7881498 -7881480 -7881462 -7881444 -7881426 -7881408 -7881390 -7881372 -7881354 -7881336 -7881318 -7881300 -7881282 -7881264 -7881246 -7881228 -7881210 -7881192 -7881174 -7881156 -7881138 -7881120 -7881102 -7881084 -7881066 -7881048 -7881030 -7881012 -7880994 -7880976 -7880958 -7880940 -7880922 -7880904 -7880886 -7880868 -7880850 -7880832 -7880814 -7880796 -7880778 -7880760 -7880742 -7880724 -7880706 -7880688 -7880670 -7880652 -7880634 -7880616 -7880598 -7880580 -7880562 -7880544 -7880526
-7881553 -7881553 -7881553 -7881553 -7881553 -7881534 -7881534 -7881516 -7881498 -7881480 -7881462 -7881444 -7881426 -7881408 -7881390 -7881372 -7881354 -7881336 -7881318 -7881300 -7881282 -7881264 -7881246 -7881228 -7881210 -7881192 -7881174 -7881156 -7881138 -7881120 -7881102 -7881084 -7881066 -7881048 -7881030 -7881012 -7880994 -7880976 -7880958 -7880940 -7880922 -7880904 -7880886 -7880868 -7880850 -7880832 -7880814 -7880796 -7880778 -7880760 -7880742 -7880724 -7880706 -7880688 -7880670 -7880652 -7880634 -7880616 -7880598 -7880580 -7880562 -7880544 -7880526
-7881553 -7881553 -7881553 -7881553 -7881553 -7881534 -7881534 -7881516 -7881498 -7881480 -7881462 -7881444 -7881426 -7881408 -7881390 -7881372 -7881354 -7881336 -7881318 -7881300 -7881282 -7881264 -7881246 -7881228 -7881210 -7881192 -7881174 -7881156 -7881138 -7881120 -7881102 -7881084 -7881066 -7881048 -7881030 -7881012 -7880994 -7880976 -7880958 -7880940 -7880922 -7880904 -7880886 -7880868 -7880850 -7880832 -7880814 -7880796 -7880778 -7880760 -7880742 -7880724 -7880706 -7880688 -7880670 -7880652 -7880634 -7880616 -7880598 -7880580 -7880562 -7880544 -7880526
-7881553 -7881553 -7881553 -7881553 -7881553 -7881534 -7881534 -7881516 -7881498 -7881480 -7881462 -7881444 -7881426 -7881408 -7881390 -7881372 -7881354 -7881336 -7881318 -7881300 -7881282 -7881264 -7881246 -7881228 -7881210 -7881192 -7881174 -7881156 -7881138 -7881120 -7881102 -7881084 -7881066 -7881048 -7881030 -7881012 -7880994 -7880976 -7880958 -7880940 -7880922 -7880904 -7880886 -7880868 -7880850 -7880832 -7880814 -7880796 -7880778 -7880760 -7880742 -7880724 -7880706 -7880688 -7880670 -7880652 -7880634 -7880616 -7880598 -7880580 -7880562 -7880544 -7880526
-7881553 -7881553 -7881553 -7881553 -7881553 -7881553 -7881534 -7881516 -7881498 -7881480 -7881462 -7881444 -7881426 -7881408 -7881390 -7881372 -7881354 -7881336 -7881318 -7881300 -7881282 -7881264 -7881246 -7881228 -7881210 -7881192 -7881174 -7881156 -7881138 -7881120 -7881102 -7881084 -7881066 -7881048 -7881030 -7881012 -7880994 -7880976 -7880958 -7880940 -7880922 -7880904 -7880886 -7880868 -7880850 -7880832 -7880814 -7880796 -7880778 -7880760 -7880742 -7880724 -7880706 -7880688 -7880670 -7880652 -7880634 -7880616 -7880598 -7880580 -7880562 -7880544 -7880526
-7881553 -7881553 -7881553 -7881553 -7881553 -7881553 -7881516 -7881516 -7881498 -7881480 -7881462 -7881444 -7881426 -7881408 -7881390 -7881372 -7881354 -7881336 -7881318 -7881300 -7881282 -7881264 -7881246 -7881228 -7881210 -7881192 -7881174 -7881156 -7881138 -7881120 -7881102 -7881084 -7881066 -7881048 -7881030 -7881012 -7880994 -7880976 -7880958 -7880940 -7880922 -7880904 -7880886 -7880868 -7880850 -7880832 -7880814 -7880796 -7880778 -7880760 -7880742 -7880724 -7880706 -7880688 -7880670 -7880652 -7880634 -7880616 -7880598 -7880580 -7880562 -7880544 -7880526
-7881553 -7881553 -7881553 -7881553 -7881553 -7881553 -7881516 -7881516 -7881498 -7881480 -7881462 -7881444 -7881426 -7881408 -7881390 -7881372 -7881354 -7881336 -7881318 -7881300 -7881282 -7881264 -7881246 -7881228 -7881210 -7881192 -7881174 -7881156 -7881138 -7881120 -7881102 -7881084 -7881066 -7881048 -7881030 -7881012 -7880994 -7880976 -7880958 -7880940 -7880922 -7880904 -7880886 -7880868 -7880850 -7880832 -7880814 -7880796 -7880778 -7880760 -7880742 -7880724 -7880706 -7880688 -7880670 -7880652 -7880634 -7880616 -7880598 -7880580 -7880562 -7880544 -7880526
-7881553 -7881553 -7881553 -7881553 -7881553 -7881553 -7881553 -7881516 -7881498 -7881480 -7881462 -7881444 -7881426 -7881408 -7881390 -7881372 -7881354 -7881336 -7881318 -7881300 -7881282 -7881264 -7881246 -7881228 -7881210 -7881192 -7881174 -7881156 -7881138 -7881120 -7881102 -7881084 -7881066 -7881048 -7881030 -7881012 -7880994 -7880976 -7880958 -7880940 -7880922 -7880904 -7880886 -7880868 -7880850 -7880832 -7880814 -7880796 -7880778 -7880760 -7880742 -7880724 -7880706 -7880688 -7880670 -7880652 -7880634 -7880616 -7880598 -7880580 -7880562 -7880544 -7880526
-7881553 -7881553 -7881553 -7881553 -7881553 -7881553 -7881553 -7881498 -7881498 -7881480 -7881462 -7881444 -7881426 -7881408 -7881390 -7881372 -7881354 -7881336 -7881318 -7881300 -7881282 -7881264 -7881246 -7881228 -7881210 -7881192 -7881174 -7881156 -7881138 -7881120 -7881102 -7881084 -7881066 -7881048 -7881030 -7881012 -7880994 -7880976 -7880958 -7880940 -7880922 -7880904 -7880886 -7880868 -7880850 -7880832 -7880814 -7880796 -7880778 -7880760 -7880742 -7880724 -7880706 -7880688 -7880670 -7880652 -7880634 -7880616 -7880598 -7880580 -7880562 -7880544 -7880526
-7881553 -7881553 -7881553 -7881553 -7881553 -7881553 -7881553 -7881553 -7881498 -7881480 -7881462 -7881444 -7881426 -7881408 -7881390 -7881372 -7881354 -7881336 -7881318 -7881300 -7881282 -7881264 -7881246 -7881228 -7881210 -7881192 -7881174 -7881156 -7881138 -7881120 -7881102 -7881084 -7881066 -7881048 -7881030 -7881012 -7880994 -7880976 -7880958 -7880940 -7880922 -7880904 -7880886 -7880868 -7880850 -7880832 -7880814 -7880796 -7880778 -7880760 -7880742 -7880724 -7880706 -7880688 -7880670 -7880652 -7880634 -7880616 -7880598 -7880580 -7880562 -7880544 -7880526
-7881553 -7881553 -7881553 -7881553 -7881553 -7881553 -7881553 -7881553 -7881553 -7881480 -7881462 -7881444 -7881426 -7881408 -7881390 -7881372 -7881354 -7881336 -7881318 -7881300 -7881282 -7881264 -7881246 -7881228 -7881210 -7881192 -7881174 -7881156 -7881138 -7881120 -7881102 -7881084 -7881066 -7881048 -7881030 -7881012 -7880994 -7880976 -7880958 -7880940 -7880922 -7880904 -7880886 -7880868 -7880850 -7880832 -7880814 -7880796 -7880778 -7880760 -7880742 -7880724 -7880706 -7880688 -7880670 -7880652 -7880634 -7880616 -7880598 -7880580 -7880562 -7880544 -7880526
-7881553 -7881553 -7881553 -7881553 -7881553 -7881553 -7881553 -7881553 -7881553 -7881462 -7881462 -7881444 -7881426 -7881408 -7881390 -7881372 -7881354 -7881336 -7881318 -7881300 -7881282 -7881264 -7881246 -7881228 -7881210 -7881192 -7881174 -7881156 -7881138 -7881120 -7881102 -7881084 -7881066 -7881048 -7881030 -7881012 -7880994 -7880976 -7880958 -7880940 -7880922 -7880904 -7880886 -7880868 -7880850 -7880832 -7880814 -7880796 -7880778 -7880760 -7880742 -7880724 -7880706 -7880688 -7880670 -7880652 -7880634 -7880616 -7880598 -7880580 -7880562 -7880544 -7880526
-7881553 -7881553 -7881553 -7881553 -7881553 -7881553 -7881553 -7881553 -7881553 -7881553 -7881462 -7881444 -7881426 -7881408 -7881390 -7881372 -7881354 -7881336 -7881318 -7881300 -7881282 -7881264 -7881246 -7881228 -7881210 -7881192 -7881174 -7881156 -7881138 -7881120 -7881102 -7881084 -7881066 -7881048 -7881030 -7881012 -7880994 -7880976 -7880958 -7880940 -7880922 -7880904 -7880886 -7880868 -7880850 -7880832 -7880814 -7880796 -7880778 -7880760 -7880742 -7880724 -7880706 -7880688 -7880670 -7880652 -7880634 -7880616 -7880598 -7880580 -7880562 -7880544 -7880526
-7881553 -7881553 -7881553 -7881553 -7881553 -7881553 -7881553 -7881553 -7881553 -7881553 -7881553 -7881444 -7881426 -7881408 -7881390 -7881372 -7881354 -7881336 -7881318 -7881300 -7881282 -7881264 -7881246 -7881228 -7881210 -7881192 -7881174 -7881156 -7881138 -7881120 -7881102 -7881084 -7881066 -7881048 -7881030 -7881012 -7880994 -7880976 -7880958 -7880940 -7880922 -7880904 -7880886 -7880868 -7880850 -7880832 -7880814 -7880796 -7880778 -7880760 -7880742 -7880724 -7880706 -7880688 -7880670 -7880652 -7880634 -7880616 -7880598 -7880580 -7880562 -7880544 -7880526
-7881553 -7881553 -7881553 -7881553 -7881553 -7881553 -7881553 -7881553 -7881553 -7881553 -7881553 -7881426 -7881426 -7881408 -7881390 -7881372 -7881354 -7881336 -7881318 -7881300 -7881282 -7881264 -7881246 -7881228 -7881210 -7881192 -7881174 -7881156 -7881138 -7881120 -7881102 -7881084 -7881066 -7881048 -7881030 -7881012 -7880994 -7880976 -7880958 -7880940 -7880922 -7880904 -7880886 -7880868 -7880850 -7880832 -7880814 -7880796 -7880778 -7880760 -7880742 -7880724 -7880706 -7880688 -7880670 -7880652 -7880634 -7880616 -7880598 -7880580 -7880562 -7880544 -7880526
-7881553 -7881553 -7881553 -7881553 -7881553 -7881553 -7881553 -7881553 -7881553 -7881553 -7881553 -7881426 -7881426 -7881408 -7881390 -7881372 -7881354 -7881336 -7881318 -7881300 -7881282 -7881264 -7881246 -7881228 -7881210 -7881192 -7881174 -7881156 -7881138 -7881120 -7881102 -7881084 -7881066 -7881048 -7881030 -7881012 -7880994 -7880976 -7880958 -7880940 -7880922 -7880904 -7880886 -7880868 -7880850 -7880832 -7880814 -7880796 -7880778 -7880760 -7880742 -7880724 -7880706 -7880688 -7880670 -7880652 -7880634 -7880616 -7880598 -7880580 -7880562 -7880544 -7880526
-7881553 -7881553 -7881553 -7881553 -7881553 -7881553 -7881553 -7881553 -7881553 -7881553 -7881553 -7881426 -7881426 -7881408 -7881390 -7881372 -7881354 -7881336 -7881318 -7881300 -7881282 -7881264 -7881246 -7881228 -7881210 -7881192 -7881174 -7881156 -7881138 -7881120 -7881102 -7881084 -7881066 -7881048 -7881030 -7881012 -7880994 -7880976 -7880958 -7880940 -7880922 -7880904 -7880886 -7880868 -7880850 -7880832 -7880814 -7880796 -7880778 -7880760 -7880742 -7880724 -7880706 -7880688 -7880670 -7880652 -7880634 -7880616 -7880598 -7880580 -7880562 -7880544 -7880526
-7881553 -7881553 -7881553 -7881553 -7881553 -7881553 -7881553 -7881553 -7881553 -7881553 -7881553 -7881553 -7881426 -7881408 -7881390 -7881372 -7881354 -7881336 -7881318 -7881300 -7881282 -7881264 -7881246 -7881228 -7881210 -7881192 -7881174 -7881156 -7881138 -7881120 -7881102 -7881084 -7881066 -7881048 -7881030 -7881012 -7880994 -7880976 -7880958 -7880940 -7880922 -7880904 -7880886 -7880868 -7880850 -7880832 -7880814 -7880796 -7880778 -7880760 -7880742 -7880724 -7880706 -7880688 -7880670 -7880652 -7880634 -7880616 -7880598 -7880580 -7880562 -7880544 -7880526
-7881553 -7881553 -7881553 -7881553 -7881553 -7881553 -7881553 -7881553 -7881553 -7881553 -7881553 -7881553 -7881408 -7881408 -7881390 -7881372 -7881354 -7881336 -7881318 -7881300 -7881282 -7881264 -7881246 -7881228 -7881210 -7881192 -7881174 -7881156 -7881138 -7881120 -7881102 -7881084 -7881066 -7881048 -7881030 -7881012 -7880994 -7880976 -7880958 -7880940 -7880922 -7880904 -7880886 -7880868 -7880850 -7880832 -7880814 -7880796 -7880778 -7880760 -7880742 -7880724 -7880706 -7880688 -7880670 -7880652 -7880634 -7880616 -7880598 -7880580 -7880562 -7880544 -7880526
-7881553 -7881553 -7881553 -7881553 -7881553 -7881553 -7881553 -7881553 -7881553 -7881553 -7881553 -7881553 -7881408 -7881408 -7881390 -7881372 -7881354 -7881336 -7881318 -7881300 -7881282 -7881264 -7881246 -7881228 -7881210 -7881192 -7881174 -7881156 -7881138 -7881120 -7881102 -7881084 -7881066 -7881048 -7881030 -7881012 -7880994 -7880976 -7880958 -7880940 -7880922 -7880904 -7880886 -7880868 -7880850 -7880832 -7880814 -7880796 -7880778 -7880760 -7880742 -7880724 -7880706 -7880688 -7880670 -7880652 -7880634 -7880616 -7880598 -7880580 -7880562 -7880544 -7880526
-7881553 -7881553 -7881553 -7881553 -7881553 -7881553 -7881553 -7881553 -7881553 -7881553 -7881553 -7881553 -7881408 -7881408 -7881390 -7881372 -7881354 -7881336 -7881318 -7881300 -7881282 -7881264 -7881246 -7881228 -7881210 -7881192 -7881174 -7881156 -7881138 -7881120 -7881102 -7881084 -7881066 -7881048 -7881030 -7881012 -7880994 -7880976 -7880958 -7880940 -7880922 -7880904 -7880886 -7880868 -7880850 -7880832 -7880814 -7880796 -7880778 -7880760 -7880742 -7880724 -7880706 -7880688 -7880670 -7880652 -7880634 -7880616 -7880598 -7880580 -7880562 -7880544 -7880526
-7881553 -7881553 -7881553 -7881553 -7881553 -7881553 -7881553 -7881553 -7881553 -7881553 -7881553 -7881553 -7881553 -7881408 -7881390 -7881372 -7881354 -7881336 -7881318 -7881300 -7881282 -7881264 -7881246 -7881228 -7881210 -7881192 -7881174 -7881156 -7881138 -7881120 -7881102 -7881084 -7881066 -7881048 -7881030 -7881012 -7880994 -7880976 -7880958 -7880940 -7880922 -7880904 -7880886 -7880868 -7880850 -7880832 -7880814 -7880796 -7880778 -7880760 -7880742 -7880724 -7880706 -7880688 -7880670 -7880652 -7880634 -7880616 -7880598 -7880580 -7880562 -7880544 -7880526
-7881553 -7881553 -7881553 -7881553 -7881553 -7881553 -7881553 -7881553 -7881553 -7881553 -7881553 -7881553 -7881553 -7881390 -7881390 -7881372 -7881354 -7881336 -7881318 -7881300 -7881282 -7881264 -7881246 -7881228 -7881210 -7881192 -7881174 -7881156 -7881138 -7881120 -7881102 -7881084 -7881066 -7881048 -7881030 -7881012 -7880994 -7880976 -7880958 -7880940 -7880922 -7880904 -7880886 -7880868 -7880850 -7880832 -7880814 -7880796 -7880778 -7880760 -7880742 -7880724 -7880706 -7880688 -7880670 -7880652 -7880634 -7880616 -7880598 -7880580 -7880562 -7880544 -7880526
-7881553 -7881553 -7881553 -7881553 -7881553 -7881553 -7881553 -7881553 -7881553 -7881553 -7881553 -7881553 -7881553 -7881390 -7881390 -7881372 -7881354 -7881336 -7881318 -7881300 -7881282 -7881264 -7881246 -7881228 -7881210 -7881192 -7881174 -7881156 -7881138 -7881120 -7881102 -7881084 -7881066 -7881048 -7881030 -7881012 -7880994 -7880976 -7880958 -7880940 -7880922 -7880904 -7880886 -7880868 -7880850 -7880832 -7880814 -7880796 -7880778 -7880760 -7880742 -7880724 -7880706 -7880688 -7880670 -7880652 -7880634 -7880616 -7880598 -7880580 -7880562 -7880544 -7880526
-7881553 -7881553 -7881553 -7881553 -7881553 -7881553 -7881553 -7881553 -7881553 -7881553 -7881553 -7881553 -7881553 -7881553 -7881390 -7881372 -7881354 -7881336 -7881318 -7881300 -7881282 -7881264 -7881246 -7881228 -7881210 -7881192 -7881174 -7881156 -7881138 -7881120 -7881102 -7881084 -7881066 -7881048 -7881030 -7881012 -7880994 -7880976 -7880958 -7880940 -7880922 -7880904 -7880886 -7880868 -7880850 -7880832 -7880814 -7880796 -7880778 -7880760 -7880742 -7880724 -7880706 -7880688 -7880670 -7880652 -7880634 -7880616 -7880598 -7880580 -7880562 -7880544 -7880526
