Squibnocket_Pond/nl_X_coord.asc
NCOLS 261 
NROWS 387 
XLLCORNER -7881650.9627 
YLLCORNER 5057895.48380001 
CELLSIZE 18 
NODATA_value -7881553 
[rows 84 to 111 of 387, columns 126 to 188 of 261]
-7881553 -7881553 -7881553 -7881553 -7881553 -7881553 -7881553 -7881553 -7881553 -7881553 -7881553 -7881553 -7881553 -7881553 -7881553 -7881553 -7881553 -7881553 -7881553 -7881553 -7881553 -7881553 -7881553 -7881553 -7881553 -7881553 -7881553 -7881553 -7881553 -7881553 -7881553 -7881553 -7881553 -7881553 -7881553 -7881553 -7881553 -7881553 -7881553 -7881553 -7881553 -7881553 -7881553 -7881553 -7881553 -7881553 -7881553 -7881553 -7881553 -7881553 -7881553 -7881553 -7881553 -7881553 -7881553 -7881553 -7881553 -7881553 -7881553 -7881553 -7881553 -7881553 -7881553
-7881553 -7881553 -7881553 -7881553 -7881553 -7881553 -7881553 -7881553 -7881553 -7881553 -7881553 -7881553 -7881553 -7881553 -7881553 -7881553 -7881553 -7881553 -7881553 -7881553 -7881553 -7881553 -7881553 -7881553 -7881553 -7881553 -7881553 -7881553 -7881553 -7881553 -7881553 -7881553 -7881553 -7881553 -7881553 -7881553 -7881553 -7881553 -7881553 -7881553 -7881553 -7881553 -7881553 -7881553 -7881553 -7881553 -7881553 -7881553 -7881553 -7881553 -7881553 -7881553 -7881553 -7881553 -7881553 -7881553 -7881553 -7881553 -7881553 -7881553 -7881553 -7881553 -7881553
-7881553 -7881553 -7881553 -7881553 -7881553 -7881553 -7881553 -7881553 -7881553 -7881553 -7881553 -7881553 -7881553 -7881553 -7881553 -7881553 -7881553 -7881553 -7881553 -7881553 -7881553 -7881553 -7881553 -7881553 -7881553 -7881553 -7881553 -7881553 -7881553 -7881553 -7881553 -7881553 -7881553 -7881553 -7881553 -7881553 -7881553 -7881553 -7881553 -7881553 -7881553 -7881553 -7881553 -7881553 -7881553 -7881553 -7881553 -7881553 -7881553 -7881553 -7881553 -7881553 -7881553 -7881553 -7881553 -7881553 -7881553 -7881553 -7881553 -7881553 -7881553 -7881553 -7881553
-7881553 -7881553 -7881553 -7881553 -7881553 -7881553 -7879266 -7879248 -7881553 -7881553 -7881553 -7881553 -7881553 -7881553 -7881553 -7881553 -7881553 -7881553 -7881553 -7881553 -7881553 -7881553 -7881553 -7881553 -7881553 -7881553 -7881553 -7881553 -7881553 -7881553 -7881553 -7881553 -7881553 -7881553 -7881553 -7881553 -7881553 -7881553 -7881553 -7881553 -7881553 -7881553 -7881553 -7881553 -7881553 -7881553 -7881553 -7881553 -7881553 -7881553 -7881553 -7881553 -7881553 -7881553 -7881553 -7881553 -7881553 -7881553 -7881553 -7881553 -7881553 -7881553 -7881553
-7879374 -7879356 -7879338 -7879320 -7879302 -7879284 -7879266 -7879248 -7879230 -7879212 -7879194 -7879176 -7879158 -7879140 -7879122 -7879104 -7881553 -7881553 -7881553 -7881553 -7881553 -7881553 -7881553 -7881553 -7881553 -7881553 -7881553 -7881553 -7881553 -7881553 -7881553 -7881553 -7881553 -7881553 -7881553 -7881553 -7881553 -7881553 -7881553 -7881553 -7881553 -7881553 -7881553 -7881553 -7881553 -7881553 -7881553 -7881553 -7881553 -7881553 -7881553 -7881553 -7881553 -7881553 -7881553 -7881553 -7881553 -7881553 -7881553 -7881553 -7881553 -7881553 -7881553
-7879374 -7879356 -7879338 -7879320 -7879302 -7879284 -7879266 -7879248 -7879230 -7879212 -7879194 -7879176 -7879158 -7879140 -7879122 -7879104 -7879086 -7879068 -7881553 -7881553 -7881553 -7881553 -7881553 -7881553 -7881553 -7881553 -7881553 -7881553 -7881553 -7881553 -7881553 -7881553 -7881553 -7881553 -7881553 -7881553 -7881553 -7881553 -7881553 -7881553 -7881553 -7881553 -7881553 -7881553 -7881553 -7881553 -7881553 -7881553 -7881553 -7881553 -7881553 -7881553 -7881553 -7881553 -7881553 -7881553 -7881553 -7881553 -7881553 -7881553 -7881553 -7881553 -7881553
-7879374 -7879356 -7879338 -7879320 -7879302 -7879284 -7879266 -7879248 -7879230 -7879212 -7879194 -7879176 -7879158 -7879140 -7879122 -7879104 -7879086 -7879068 -7879050 -7879032 -7879014 -7881553 -7881553 -7881553 -7881553 -7881553 -7881553 -7881553 -7881553 -7881553 -7881553 -7881553 -7881553 -7881553 -7881553 -7881553 -7881553 -7881553 -7881553 -7881553 -7881553 -7881553 -7881553 -7881553 -7881553 -7881553 -7881553 -7881553 -7881553 -7881553 -7881553 -7881553 -7881553 -7881553 -7881553 -7881553 -7881553 -7881553 -7881553 -7881553 -7881553 -7881553 -7881553
-7879374 -7879356 -7879338 -7879320 -7879302 -7879284 -7879266 -7879248 -7879230 -7879212 -7879194 -7879176 -7879158 -7879140 -7879122 -7879104 -7879086 -7879068 -7879050 -7879032 -7879014 -7878996 -7878978 -7878960 -7878942 -7881553 -7881553 -7881553 -7881553 -7881553 -7881553 -7881553 -7881553 -7881553 -7881553 -7881553 -7881553 -7881553 -7881553 -7881553 -7881553 -7881553 -7881553 -7881553 -7881553 -7881553 -7881553 -7881553 -7881553 -7881553 -7881553 -7881553 -7881553 -7881553 -7881553 -7881553 -7881553 -7881553 -7881553 -7881553 -7881553 -7881553 -7881553
-7879374 -7879356 -7879338 -7879320 -7879302 -7879284 -7879266 -7879248 -7879230 -7879212 -7879194 -7879176 -7879158 -7879140 -7879122 -7879104 -7879086 -7879068 -7879050 -7879032 -7879014 -7878996 -7878978 -7878960 -7878942 -7878924 -7878906 -7881553 -7881553 -7881553 -7881553 -7881553 -7881553 -7881553 -7881553 -7881553 -7881553 -7881553 -7881553 -7881553 -7881553 -7881553 -7881553 -7881553 -7881553 -7881553 -7881553 -7881553 -7878510 -7878492 -7878474 -7878456 -7878438 -7878420 -7881553 -7881553 -7881553 -7881553 -7881553 -7881553 -7881553 -7881553 -7881553
-7879374 -7879356 -7879338 -7879320 -7879302 -7879284 -7879266 -7879248 -7879230 -7879212 -7879194 -7879176 -7879158 -7879140 -7879122 -7879104 -7879086 -7879068 -7879050 -7879032 -7879014 -7878996 -7878978 -7878960 -7878942 -7878924 -7878906 -7878888 -7878870 -7878852 -7878834 -7881553 -7881553 -7881553 -7881553 -7881553 -7881553 -7881553 -7881553 -7881553 -7881553 -7881553 -7881553 -7881553 -7881553 -7878564 -7878546 -7878528 -7878510 -7878492 -7878474 -7878456 -7878438 -7878420 -7878402 -7878384 -7878366 -7878348 -7881553 -7881553 -7881553 -7881553 -7881553
-7879374 -7879356 -7879338 -7879320 -7879302 -7879284 -7879266 -7879248 -7879230 -7879212 -7879194 -7879176 -7879158 -7879140 -7879122 -7879104 -7879086 -7879068 -7879050 -7879032 -7879014 -7878996 -7878978 -7878960 -7878942 -7878924 -7878906 -7878888 -7878870 -7878852 -7878834 -7878816 -7878798 -7878780 -7881553 -7881553 -7881553 -7881553 -7881553 -7881553 -7878654 -7878636 -7878618 -7878600 -7878582 -7878564 -7878546 -7878528 -7878510 -7878492 -7878474 -7878456 -7878438 -7878420 -7878402 -7878384 -7878366 -7878348 -7878330 -7878312 -7881553 -7881553 -7881553
-7879374 -7879356 -7879338 -7879320 -7879302 -7879284 -7879266 -7879248 -7879230 -7879212 -7879194 -7879176 -7879158 -7879140 -7879122 -7879104 -7879086 -7879068 -7879050 -7879032 -7879014 -7878996 -7878978 -7878960 -7878942 -7878924 -7878906 -7878888 -7878870 -7878852 -7878834 -7878816 -7878798 -7878780 -7878762 -7878744 -7878726 -7878708 -7878690 -7878672 -7878654 -7878636 -7878618 -7878600 -7878582 -7878564 -7878546 -7878528 -7878510 -7878492 -7878474 -7878456 -7878438 -7878420 -7878402 -7878384 -7878366 -7878348 -7878330 -7878312 -7878294 -7878276 -7878258
-7879374 -7879356 -7879338 -7879320 -7879302 -7879284 -7879266 -7879248 -7879230 -7879212 -7879194 -7879176 -7879158 -7879140 -7879122 -7879104 -7879086 -7879068 -7879050 -7879032 -7879014 -7878996 -7878978 -7878960 -7878942 -7878924 -7878906 -7878888 -7878870 -7878852 -7878834 -7878816 -7878798 -7878780 -7878762 -7878744 -7878726 -7878708 -7878690 -7878672 -7878654 -7878636 -7878618 -7878600 -7878582 -7878564 -7878546 -7878528 -7878510 -7878492 -7878474 -7878456 -7878438 -7878420 -7878402 -7878384 -7878366 -7878348 -7878330 -7878312 -7878294 -7878276 -7878258
-7879374 -7879356 -7879338 -7879320 -7879302 -7879284 -7879266 -7879248 -7879230 -7879212 -7879194 -7879176 -7879158 -7879140 -7879122 -7879104 -7879086 -7879068 -7879050 -7879032 -7879014 -7878996 -7878978 -7878960 -7878942 -7878924 -7878906 -7878888 -7878870 -7878852 -7878834 -7878816 -7878798 -7878780 -7878762 -7878744 -7878726 -7878708 -7878690 -7878672 -7878654 -7878636 -7878618 -7878600 -7878582 -7878564 -7878546 -7878528 -7878510 -7878492 -7878474 -7878456 -7878438 -7878420 -7878402 -7878384 -7878366 -7878348 -7878330 -7878312 -7878294 -7878276 -7878258
-7879374 -7879356 -7879338 -7879320 -7879302 -7879284 -7879266 -7879248 -7879230 -7879212 -7879194 -7879176 -7879158 -7879140 -7879122 -7879104 -7879086 -7879068 -7879050 -7879032 -7879014 -7878996 -7878978 -7878960 -7878942 -7878924 -7878906 -7878888 -7878870 -7878852 -7878834 -7878816 -7878798 -7878780 -7878762 -7878744 -7878726 -7878708 -7878690 -7878672 -7878654 -7878636 -7878618 -7878600 -7878582 -7878564 -7878546 -7878528 -7878510 -7878492 -7878474 -7878456 -7878438 -7878420 -7878402 -7878384 -7878366 -7878348 -7878330 -7878312 -7878294 -7878276 -7878258
-7879374 -7879356 -7879338 -7879320 -7879302 -7879284 -7879266 -7879248 -7879230 -7879212 -7879194 -7879176 -7879158 -7879140 -7879122 -7879104 -7879086 -7879068 -7879050 -7879032 -7879014 -7878996 -7878978 -7878960 -7878942 -7878924 -7878906 -7878888 -7878870 -7878852 -7878834 -7878816 -7878798 -7878780 -7878762 -7878744 -7878726 -7878708 -7878690 -7878672 -7878654 -7878636 -7878618 -7878600 -7878582 -7878564 -7878546 -7878528 -7878510 -7878492 -7878474 -7878456 -7878438 -7878420 -7878402 -7878384 -7878366 -7878348 -7878330 -7878312 -7878294 -7878276 -7878258
-7879374 -7879356 -7879338 -7879320 -7879302 -7879284 -7879266 -7879248 -7879230 -7879212 -7879194 -7879176 -7879158 -7879140 -7879122 -7879104 -7879086 -7879068 -7879050 -7879032 -7879014 -7878996 -7878978 -7878960 -7878942 -7878924 -7878906 -7878888 -7878870 -7878852 -7878834 -7878816 -7878798 -7878780 -7878762 -7878744 -7878726 -7878708 -7878690 -7878672 -7878654 -7878636 -7878618 -7878600 -7878582 -7878564 -7878546 -7878528 -7878510 -7878492 -7878474 -7878456 -7878438 -7878420 -7878402 -7878384 -7878366 -7878348 -7878330 -7878312 -7878294 -7878276 -7878258
-7879374 -7879356 -7879338 -7879320 -7879302 -7879284 -7879266 -7879248 -7879230 -7879212 -7879194 -7879176 -7879158 -7879140 -7879122 -7879104 -7879086 -7879068 -7879050 -7879032 -7879014 -7878996 -7878978 -7878960 -7878942 -7878924 -7878906 -7878888 -7878870 -7878852 -7878834 -7878816 -7878798 -7878780 -7878762 -7878744 -7878726 -7878708 -7878690 -7878672 -7878654 -7878636 -7878618 -7878600 -7878582 -7878564 -7878546 -7878528 -7878510 -7878492 -7878474 -7878456 -7878438 -7878420 -7878402 -7878384 -7878366 -7878348 -7878330 -7878312 -7878294 -7878276 -7878258
-7879374 -7879356 -7879338 -7879320 -7879302 -7879284 -7879266 -7879248 -7879230 -7879212 -7879194 -7879176 -7879158 -7879140 -7879122 -7879104 -7879086 -7879068 -7879050 -7879032 -7879014 -7878996 -7878978 -7878960 -7878942 -7878924 -7878906 -7878888 -7878870 -7878852 -7878834 -7878816 -7878798 -7878780 -7878762 -7878744 -7878726 -7878708 -7878690 -7878672 -7878654 -7878636 -7878618 -7878600 -7878582 -7878564 -7878546 -7878528 -7878510 -7878492 -7878474 -7878456 -7878438 -7878420 -7878402 -7878384 -7878366 -7878348 -7878330 -7878312 -7878294 -7878276 -7878258
-7879374 -7879356 -7879338 -7879320 -7879302 -7879284 -7879266 -7879248 -7879230 -7879212 -7879194 -7879176 -7879158 -7879140 -7879122 -7879104 -7879086 -7879068 -7879050 -7879032 -7879014 -7878996 -7878978 -7878960 -7878942 -7878924 -7878906 -7878888 -7878870 -7878852 -7878834 -7878816 -7878798 -7878780 -7878762 -7878744 -7878726 -7878708 -7878690 -7878672 -7878654 -7878636 -7878618 -7878600 -7878582 -7878564 -7878546 -7878528 -7878510 -7878492 -7878474 -7878456 -7878438 -7878420 -7878402 -7878384 -7878366 -7878348 -7878330 -7878312 -7878294 -7878276 -7878258
-7879374 -7879356 -7879338 -7879320 -7879302 -7879284 -7879266 -7879248 -7879230 -7879212 -7879194 -7879176 -7879158 -7879140 -7879122 -7879104 -7879086 -7879068 -7879050 -7879032 -7879014 -7878996 -7878978 -7878960 -7878942 -7878924 -7878906 -7878888 -7878870 -7878852 -7878834 -7878816 -7878798 -7878780 -7878762 -7878744 -7878726 -7878708 -7878690 -7878672 -7878654 -7878636 -7878618 -7878600 -7878582 -7878564 -7878546 -7878528 -7878510 -7878492 -7878474 -7878456 -7878438 -7878420 -7878402 -7878384 -7878366 -7878348 -7878330 -7878312 -7878294 -7878276 -7878258
-7879374 -7879356 -7879338 -7879320 -7879302 -7879284 -7879266 -7879248 -7879230 -7879212 -7879194 -7879176 -7879158 -7879140 -7879122 -7879104 -7879086 -7879068 -7879050 -7879032 -7879014 -7878996 -7878978 -7878960 -7878942 -7878924 -7878906 -7878888 -7878870 -7878852 -7878834 -7878816 -7878798 -7878780 -7878762 -7878744 -7878726 -7878708 -7878690 -7878672 -7878654 -7878636 -7878618 -7878600 -7878582 -7878564 -7878546 -7878528 -7878510 -7878492 -7878474 -7878456 -7878438 -7878420 -7878402 -7878384 -7878366 -7878348 -7878330 -7878312 -7878294 -7878276 -7878258
-7879374 -7879356 -7879338 -7879320 -7879302 -7879284 -7879266 -7879248 -7879230 -7879212 -7879194 -7879176 -7879158 -7879140 -7879122 -7879104 -7879086 -7879068 -7879050 -7879032 -7879014 -7878996 -7878978 -7878960 -7878942 -7878924 -7878906 -7878888 -7878870 -7878852 -7878834 -7878816 -7878798 -7878780 -7878762 -7878744 -7878726 -7878708 -7878690 -7878672 -7878654 -7878636 -7878618 -7878600 -7878582 -7878564 -7878546 -7878528 -7878510 -7878492 -7878474 -7878456 -7878438 -7878420 -7878402 -7878384 -7878366 -7878348 -7878330 -7878312 -7878294 -7878276 -7878258
-7879374 -7879356 -7879338 -7879320 -7879302 -7879284 -7879266 -7879248 -7879230 -7879212 -7879194 -7879176 -7879158 -7879140 -7879122 -7879104 -7879086 -7879068 -7879050 -7879032 -7879014 -7878996 -7878978 -7878960 -7878942 -7878924 -7878906 -7878888 -7878870 -7878852 -7878834 -7878816 -7878798 -7878780 -7878762 -7878744 -7878726 -7878708 -7878690 -7878672 -7878654 -7878636 -7878618 -7878600 -7878582 -7878564 -7878546 -7878528 -7878510 -7878492 -7878474 -7878456 -7878438 -7878420 -7878402 -7878384 -7878366 -7878348 -7878330 -7878312 -7878294 -7878276 -7878258
-7879374 -7879356 -7879338 -7879320 -7879302 -7879284 -7879266 -7879248 -7879230 -7879212 -7879194 -7879176 -7879158 -7879140 -7879122 -7879104 -7879086 -7879068 -7879050 -7879032 -7879014 -7878996 -7878978 -7878960 -7878942 -7878924 -7878906 -7878888 -7878870 -7878852 -7878834 -7878816 -7878798 -7878780 -7878762 -7878744 -7878726 -7878708 -7878690 -7878672 -7878654 -7878636 -7878618 -7878600 -7878582 -7878564 -7878546 -7878528 -7878510 -7878492 -7878474 -7878456 -7878438 -7878420 -7878402 -7878384 -7878366 -7878348 -7878330 -7878312 -7878294 -7878276 -7878258
-7879374 -7879356 -7879338 -7879320 -7879302 -7879284 -7879266 -7879248 -7879230 -7879212 -7879194 -7879176 -7879158 -7879140 -7879122 -7879104 -7879086 -7879068 -7879050 -7879032 -7879014 -7878996 -7878978 -7878960 -7878942 -7878924 -7878906 -7878888 -7878870 -7878852 -7878834 -7878816 -7878798 -7878780 -7878762 -7878744 -7878726 -7878708 -7878690 -7878672 -7878654 -7878636 -7878618 -7878600 -7878582 -7878564 -7878546 -7878528 -7878510 -7878492 -7878474 -7878456 -7878438 -7878420 -7878402 -7878384 -7878366 -7878348 -7878330 -7878312 -7878294 -7878276 -7878258
-7879374 -7879356 -7879338 -7879320 -7879302 -7879284 -7879266 -7879248 -7879230 -7879212 -7879194 -7879176 -7879158 -7879140 -7879122 -7879104 -7879086 -7879068 -7879050 -7879032 -7879014 -7878996 -7878978 -7878960 -7878942 -7878924 -7878906 -7878888 -7878870 -7878852 -7878834 -7878816 -7878798 -7878780 -7878762 -7878744 -7878726 -7878708 -7878690 -7878672 -7878654 -7878636 -7878618 -7878600 -7878582 -7878564 -7878546 -7878528 -7878510 -7878492 -7878474 -7878456 -7878438 -7878420 -7878402 -7878384 -7878366 -7878348 -7878330 -7878312 -7878294 -7878276 -7878258
-7879374 -7879356 -7879338 -7879320 -7879302 -7879284 -7879266 -7879248 -7879230 -7879212 -7879194 -7879176 -7879158 -7879140 -7879122 -7879104 -7879086 -7879068 -7879050 -7879032 -7879014 -7878996 -7878978 -7878960 -7878942 -7878924 -7878906 -7878888 -7878870 -7878852 -7878834 -7878816 -7878798 -7878780 -7878762 -7878744 -7878726 -7878708 -7878690 -7878672 -7878654 -7878636 -7878618 -7878600 -7878582 -7878564 -7878546 -7878528 -7878510 -7878492 -7878474 -7878456 -7878438 -7878420 -7878402 -7878384 -7878366 -7878348 -7878330 -7878312 -7878294 -7878276 -7878258
