Squibnocket_Pond/nl_Y_coord.asc
NCOLS 261 
NROWS 387 
XLLCORNER -7881650.9627 
YLLCORNER 5057895.48380001 
CELLSIZE 18 
NODATA_value -9999 
[rows 160 to 191 of 387, columns 71 to 141 of 261]
-9999 -9999 -9999 -9999 -9999 -9999 -9999 -9999 -9999 -9999 -9999 -9999 -9999 -9999 -9999 -9999 -9999 -9999 -9999 -9999 -9999 -9999 -9999 -9999 -9999 -9999 -9999 -9999 -9999 -9999 -9999 5061963.5 5061972.5 5061972.5 5061972.5 5061972.5 5061972.5 5061972.5 5061972.5 5061972.5 5061972.5 5061972.5 5061972.5 5061972.5 5061972.5 5061972.5 5061972.5 5061972.5 5061972.5 5061972.5 5061972.5 5061972.5 5061972.5 5061972.5 5061972.5 5061972.5 5061972.5 5061972.5 5061972.5 5061972.5 5061972.5 5061972.5 5061972.5 5061972.5 5061972.5 5061972.5 5061972.5 5061972.5 5061972.5 5061972.5 5061972.5
-9999 -9999 -9999 -9999 -9999 -9999 -9999 -9999 -9999 -9999 -9999 -9999 -9999 -9999 -9999 -9999 -9999 -9999 -9999 -9999 -9999 -9999 -9999 -9999 -9999 -9999 -9999 -9999 -9999 -9999 -9999 -9999 5061954.5 5061954.5 5061954.5 5061954.5 5061954.5 5061954.5 5061954.5 5061954.5 5061954.5 5061954.5 5061954.5 5061954.5 5061954.5 5061954.5 5061954.5 5061954.5 5061954.5 5061954.5 5061954.5 5061954.5 5061954.5 5061954.5 5061954.5 5061954.5 5061954.5 5061954.5 5061954.5 5061954.5 5061954.5 5061954.5 5061954.5 5061954.5 5061954.5 5061954.5 5061954.5 5061954.5 5061954.5 5061954.5 5061954.5
-9999 -9999 -9999 -9999 -9999 -9999 -9999 -9999 -9999 -9999 -9999 -9999 -9999 -9999 -9999 -9999 -9999 -9999 -9999 -9999 -9999 -9999 -9999 -9999 -9999 -9999 -9999 -9999 -9999 -9999 -9999 -9999 5061927.5 5061936.5 5061936.5 5061936.5 5061936.5 5061936.5 5061936.5 5061936.5 5061936.5 5061936.5 5061936.5 5061936.5 5061936.5 5061936.5 5061936.5 5061936.5 5061936.5 5061936.5 5061936.5 5061936.5 5061936.5 5061936.5 5061936.5 5061936.5 5061936.5 5061936.5 5061936.5 5061936.5 5061936.5 5061936.5 5061936.5 5061936.5 5061936.5 5061936.5 5061936.5 5061936.5 5061936.5 5061936.5 5061936.5
-9999 -9999 -9999 -9999 -9999 -9999 -9999 -9999 -9999 -9999 -9999 -9999 -9999 -9999 -9999 -9999 -9999 -9999 -9999 -9999 -9999 -9999 -9999 -9999 -9999 -9999 -9999 -9999 -9999 -9999 -9999 -9999 -9999 5061918.5 5061918.5 5061918.5 5061918.5 5061918.5 5061918.5 5061918.5 5061918.5 5061918.5 5061918.5 5061918.5 5061918.5 5061918.5 5061918.5 5061918.5 5061918.5 5061918.5 5061918.5 5061918.5 5061918.5 5061918.5 5061918.5 5061918.5 5061918.5 5061918.5 5061918.5 5061918.5 5061918.5 5061918.5 5061918.5 5061918.5 5061918.5 5061918.5 5061918.5 5061918.5 5061918.5 5061918.5 5061918.5
-9999 -9999 -9999 -9999 -9999 -9999 -9999 -9999 -9999 -9999 -9999 -9999 -9999 -9999 -9999 -9999 -9999 -9999 -9999 -9999 -9999 -9999 -9999 -9999 -9999 -9999 -9999 -9999 -9999 -9999 -9999 -9999 -9999 5061891.5 5061900.5 5061900.5 5061900.5 5061900.5 5061900.5 5061900.5 5061900.5 5061900.5 5061900.5 5061900.5 5061900.5 5061900.5 5061900.5 5061900.5 5061900.5 5061900.5 5061900.5 5061900.5 5061900.5 5061900.5 5061900.5 5061900.5 5061900.5 5061900.5 5061900.5 5061900.5 5061900.5 5061900.5 5061900.5 5061900.5 5061900.5 5061900.5 5061900.5 5061900.5 5061900.5 5061900.5 5061900.5
-9999 -9999 -9999 -9999 -9999 -9999 -9999 -9999 -9999 -9999 -9999 -9999 -9999 -9999 -9999 -9999 -9999 -9999 -9999 -9999 -9999 -9999 -9999 -9999 -9999 -9999 -9999 -9999 -9999 -9999 -9999 -9999 -9999 5061864.5 5061882.5 5061882.5 5061882.5 5061882.5 5061882.5 5061882.5 5061882.5 5061882.5 5061882.5 5061882.5 5061882.5 5061882.5 5061882.5 5061882.5 5061882.5 5061882.5 5061882.5 5061882.5 5061882.5 5061882.5 5061882.5 5061882.5 5061882.5 5061882.5 5061882.5 5061882.5 5061882.5 5061882.5 5061882.5 5061882.5 5061882.5 5061882.5 5061882.5 5061882.5 5061882.5 5061882.5 5061882.5
-9999 -9999 -9999 -9999 -9999 -9999 -9999 -9999 -9999 -9999 -9999 -9999 -9999 -9999 -9999 -9999 -9999 -9999 -9999 -9999 -9999 -9999 -9999 -9999 -9999 -9999 -9999 -9999 -9999 -9999 -9999 -9999 5061855.5 5061864.5 5061864.5 5061864.5 5061864.5 5061864.5 5061864.5 5061864.5 5061864.5 5061864.5 5061864.5 5061864.5 5061864.5 5061864.5 5061864.5 5061864.5 5061864.5 5061864.5 5061864.5 5061864.5 5061864.5 5061864.5 5061864.5 5061864.5 5061864.5 5061864.5 5061864.5 5061864.5 5061864.5 5061864.5 5061864.5 5061864.5 5061864.5 5061864.5 5061864.5 5061864.5 5061864.5 5061864.5 5061864.5
-9999 -9999 -9999 -9999 -9999 -9999 -9999 -9999 -9999 -9999 -9999 -9999 -9999 -9999 -9999 -9999 -9999 -9999 -9999 -9999 -9999 -9999 -9999 -9999 -9999 -9999 -9999 -9999 -9999 -9999 -9999 -9999 5061837.5 5061846.5 5061846.5 5061846.5 5061846.5 5061846.5 5061846.5 5061846.5 5061846.5 5061846.5 5061846.5 5061846.5 5061846.5 5061846.5 5061846.5 5061846.5 5061846.5 5061846.5 5061846.5 5061846.5 5061846.5 5061846.5 5061846.5 5061846.5 5061846.5 5061846.5 5061846.5 5061846.5 5061846.5 5061846.5 5061846.5 5061846.5 5061846.5 5061846.5 5061846.5 5061846.5 5061846.5 5061846.5 5061846.5
-9999 -9999 -9999 -9999 -9999 -9999 -9999 -9999 -9999 -9999 -9999 -9999 -9999 -9999 -9999 -9999 -9999 -9999 -9999 -9999 -9999 -9999 -9999 -9999 -9999 -9999 -9999 -9999 -9999 -9999 -9999 -9999 5061810.5 5061828.5 5061828.5 5061828.5 5061828.5 5061828.5 5061828.5 5061828.5 5061828.5 5061828.5 5061828.5 5061828.5 5061828.5 5061828.5 5061828.5 5061828.5 5061828.5 5061828.5 5061828.5 5061828.5 5061828.5 5061828.5 5061828.5 5061828.5 5061828.5 5061828.5 5061828.5 5061828.5 5061828.5 5061828.5 5061828.5 5061828.5 5061828.5 5061828.5 5061828.5 5061828.5 5061828.5 5061828.5 5061828.5
-9999 -9999 -9999 -9999 -9999 -9999 -9999 -9999 -9999 -9999 -9999 -9999 -9999 -9999 -9999 -9999 -9999 -9999 -9999 -9999 -9999 -9999 -9999 -9999 -9999 -9999 -9999 -9999 -9999 -9999 -9999 5061792.5 5061810.5 5061810.5 5061810.5 5061810.5 5061810.5 5061810.5 5061810.5 5061810.5 5061810.5 5061810.5 5061810.5 5061810.5 5061810.5 5061810.5 5061810.5 5061810.5 5061810.5 5061810.5 5061810.5 5061810.5 5061810.5 5061810.5 5061810.5 5061810.5 5061810.5 5061810.5 5061810.5 5061810.5 5061810.5 5061810.5 5061810.5 5061810.5 5061810.5 5061810.5 5061810.5 5061810.5 5061810.5 5061810.5 5061810.5
-9999 -9999 -9999 -9999 -9999 -9999 -9999 -9999 -9999 -9999 -9999 -9999 -9999 -9999 -9999 -9999 -9999 -9999 -9999 -9999 -9999 -9999 -9999 -9999 -9999 -9999 -9999 -9999 -9999 -9999 5061783.5 5061792.5 5061792.5 5061792.5 5061792.5 5061792.5 5061792.5 5061792.5 5061792.5 5061792.5 5061792.5 5061792.5 5061792.5 5061792.5 5061792.5 5061792.5 5061792.5 5061792.5 5061792.5 5061792.5 5061792.5 5061792.5 5061792.5 5061792.5 5061792.5 5061792.5 5061792.5 5061792.5 5061792.5 5061792.5 5061792.5 5061792.5 5061792.5 5061792.5 5061792.5 5061792.5 5061792.5 5061792.5 5061792.5 5061792.5 5061792.5
-9999 -9999 -9999 -9999 -9999 -9999 -9999 -9999 -9999 -9999 -9999 -9999 -9999 -9999 -9999 -9999 -9999 -9999 -9999 -9999 -9999 -9999 -9999 -9999 -9999 -9999 -9999 -9999 -9999 -9999 5061756.5 5061774.5 5061774.5 5061774.5 5061774.5 5061774.5 5061774.5 5061774.5 5061774.5 5061774.5 5061774.5 5061774.5 5061774.5 5061774.5 5061774.5 5061774.5 5061774.5 5061774.5 5061774.5 5061774.5 5061774.5 5061774.5 5061774.5 5061774.5 5061774.5 5061774.5 5061774.5 5061774.5 5061774.5 5061774.5 5061774.5 5061774.5 5061774.5 5061774.5 5061774.5 5061774.5 5061774.5 5061774.5 5061774.5 5061774.5 5061774.5
-9999 -9999 -9999 -9999 -9999 -9999 -9999 -9999 -9999 -9999 -9999 -9999 -9999 -9999 -9999 -9999 -9999 -9999 -9999 -9999 -9999 -9999 -9999 -9999 -9999 -9999 -9999 -9999 -9999 5061747.5 5061756.5 5061756.5 5061756.5 5061756.5 5061756.5 5061756.5 5061756.5 5061756.5 5061756.5 5061756.5 5061756.5 5061756.5 5061756.5 5061756.5 5061756.5 5061756.5 5061756.5 5061756.5 5061756.5 5061756.5 5061756.5 5061756.5 5061756.5 5061756.5 5061756.5 5061756.5 5061756.5 5061756.5 5061756.5 5061756.5 5061756.5 5061756.5 5061756.5 5061756.5 5061756.5 5061756.5 5061756.5 5061756.5 5061756.5 5061756.5 5061756.5
-9999 -9999 -9999 -9999 -9999 -9999 -9999 -9999 -9999 -9999 -9999 -9999 -9999 -9999 -9999 -9999 -9999 -9999 -9999 -9999 -9999 -9999 -9999 -9999 -9999 -9999 -9999 -9999 -9999 5061729.5 5061738.5 5061738.5 5061738.5 5061738.5 5061738.5 5061738.5 5061738.5 5061738.5 5061738.5 5061738.5 5061738.5 5061738.5 5061738.5 5061738.5 5061738.5 5061738.5 5061738.5 5061738.5 5061738.5 5061738.5 5061738.5 5061738.5 5061738.5 5061738.5 5061738.5 5061738.5 5061738.5 5061738.5 5061738.5 5061738.5 5061738.5 5061738.5 5061738.5 5061738.5 5061738.5 5061738.5 5061738.5 5061738.5 5061738.5 5061738.5 5061738.5
-9999 -9999 -9999 -9999 -9999 -9999 -9999 -9999 -9999 -9999 -9999 -9999 -9999 -9999 -9999 -9999 -9999 -9999 -9999 -9999 -9999 -9999 -9999 -9999 -9999 -9999 -9999 -9999 -9999 5061711.5 5061720.5 5061720.5 5061720.5 5061720.5 5061720.5 5061720.5 5061720.5 5061720.5 5061720.5 5061720.5 5061720.5 5061720.5 5061720.5 5061720.5 5061720.5 5061720.5 5061720.5 5061720.5 5061720.5 5061720.5 5061720.5 5061720.5 5061720.5 5061720.5 5061720.5 5061720.5 5061720.5 5061720.5 5061720.5 5061720.5 5061720.5 5061720.5 5061720.5 5061720.5 5061720.5 5061720.5 5061720.5 5061720.5 5061720.5 5061720.5 5061720.5
-9999 -9999 -9999 -9999 -9999 -9999 -9999 -9999 -9999 -9999 -9999 -9999 -9999 -9999 -9999 -9999 -9999 -9999 -9999 -9999 -9999 -9999 -9999 -9999 -9999 -9999 -9999 -9999 -9999 5061693.5 5061702.5 5061702.5 5061702.5 5061702.5 5061702.5 5061702.5 5061702.5 5061702.5 5061702.5 5061702.5 5061702.5 5061702.5 5061702.5 5061702.5 5061702.5 5061702.5 5061702.5 5061702.5 5061702.5 5061702.5 5061702.5 5061702.5 5061702.5 5061702.5 5061702.5 5061702.5 5061702.5 5061702.5 5061702.5 5061702.5 5061702.5 5061702.5 5061702.5 5061702.5 5061702.5 5061702.5 5061702.5 5061702.5 5061702.5 5061702.5 5061702.5
-9999 -9999 -9999 -9999 -9999 -9999 -9999 -9999 -9999 -9999 -9999 -9999 -9999 -9999 -9999 -9999 -9999 -9999 -9999 -9999 -9999 -9999 -9999 -9999 -9999 -9999 -9999 -9999 -9999 5061675.5 5061684.5 5061684.5 5061684.5 5061684.5 5061684.5 5061684.5 5061684.5 5061684.5 5061684.5 5061684.5 5061684.5 5061684.5 5061684.5 5061684.5 5061684.5 5061684.5 5061684.5 5061684.5 5061684.5 5061684.5 5061684.5 5061684.5 5061684.5 5061684.5 5061684.5 5061684.5 5061684.5 5061684.5 5061684.5 5061684.5 5061684.5 5061684.5 5061684.5 5061684.5 5061684.5 5061684.5 5061684.5 5061684.5 5061684.5 5061684.5 5061684.5
-9999 -9999 -9999 -9999 -9999 -9999 -9999 -9999 -9999 -9999 -9999 -9999 -9999 -9999 -9999 -9999 -9999 -9999 -9999 -9999 -9999 -9999 -9999 -9999 -9999 -9999 -9999 -9999 -9999 5061657.5 5061666.5 5061666.5 5061666.5 5061666.5 5061666.5 5061666.5 5061666.5 5061666.5 5061666.5 5061666.5 5061666.5 5061666.5 5061666.5 5061666.5 5061666.5 5061666.5 5061666.5 5061666.5 5061666.5 5061666.5 5061666.5 5061666.5 5061666.5 5061666.5 5061666.5 5061666.5 5061666.5 5061666.5 5061666.5 5061666.5 5061666.5 5061666.5 5061666.5 5061666.5 5061666.5 5061666.5 5061666.5 5061666.5 5061666.5 5061666.5 5061666.5
-9999 -9999 -9999 -9999 -9999 -9999 -9999 -9999 -9999 -9999 -9999 -9999 -9999 -9999 -9999 -9999 -9999 -9999 -9999 -9999 -9999 -9999 -9999 -9999 -9999 -9999 -9999 -9999 -9999 5061639.5 5061648.5 5061648.5 5061648.5 5061648.5 5061648.5 5061648.5 5061648.5 5061648.5 5061648.5 5061648.5 5061648.5 5061648.5 5061648.5 5061648.5 5061648.5 5061648.5 5061648.5 5061648.5 5061648.5 5061648.5 5061648.5 5061648.5 5061648.5 5061648.5 5061648.5 5061648.5 5061648.5 5061648.5 5061648.5 5061648.5 5061648.5 5061648.5 5061648.5 5061648.5 5061648.5 5061648.5 5061648.5 5061648.5 5061648.5 5061648.5 5061648.5
-9999 -9999 -9999 -9999 -9999 -9999 -9999 -9999 -9999 -9999 -9999 -9999 -9999 -9999 -9999 -9999 -9999 -9999 -9999 -9999 -9999 -9999 -9999 -9999 -9999 -9999 -9999 -9999 -9999 5061621.5 5061630.5 5061630.5 5061630.5 5061630.5 5061630.5 5061630.5 5061630.5 5061630.5 5061630.5 5061630.5 5061630.5 5061630.5 5061630.5 5061630.5 5061630.5 5061630.5 5061630.5 5061630.5 5061630.5 5061630.5 5061630.5 5061630.5 5061630.5 5061630.5 5061630.5 5061630.5 5061630.5 5061630.5 5061630.5 5061630.5 5061630.5 5061630.5 5061630.5 5061630.5 5061630.5 5061630.5 5061630.5 5061630.5 5061630.5 5061630.5 5061630.5
-9999 -9999 -9999 -9999 -9999 -9999 -9999 -9999 -9999 -9999 -9999 -9999 -9999 -9999 -9999 -9999 -9999 -9999 -9999 -9999 -9999 -9999 -9999 -9999 -9999 -9999 -9999 -9999 -9999 -9999 5061612.5 5061612.5 5061612.5 5061612.5 5061612.5 5061612.5 5061612.5 5061612.5 5061612.5 5061612.5 5061612.5 5061612.5 5061612.5 5061612.5 5061612.5 5061612.5 5061612.5 5061612.5 5061612.5 5061612.5 5061612.5 5061612.5 5061612.5 5061612.5 5061612.5 5061612.5 5061612.5 5061612.5 5061612.5 5061612.5 5061612.5 5061612.5 5061612.5 5061612.5 5061612.5 5061612.5 5061612.5 5061612.5 5061612.5 5061612.5 5061612.5
-9999 -9999 -9999 -9999 -9999 -9999 -9999 -9999 -9999 -9999 -9999 -9999 -9999 -9999 -9999 -9999 -9999 -9999 -9999 -9999 -9999 -9999 -9999 -9999 -9999 -9999 -9999 -9999 -9999 -9999 5061585.5 5061594.5 5061594.5 5061594.5 5061594.5 5061594.5 5061594.5 5061594.5 5061594.5 5061594.5 5061594.5 5061594.5 5061594.5 5061594.5 5061594.5 5061594.5 5061594.5 5061594.5 5061594.5 5061594.5 5061594.5 5061594.5 5061594.5 5061594.5 5061594.5 5061594.5 5061594.5 5061594.5 5061594.5 5061594.5 5061594.5 5061594.5 5061594.5 5061594.5 5061594.5 5061594.5 5061594.5 5061594.5 5061594.5 5061594.5 5061594.5
-9999 -9999 -9999 -9999 -9999 -9999 -9999 -9999 -9999 -9999 -9999 -9999 -9999 -9999 -9999 -9999 -9999 -9999 -9999 -9999 -9999 -9999 -9999 -9999 -9999 -9999 -9999 -9999 -9999 -9999 5061567.5 5061576.5 5061576.5 5061576.5 5061576.5 5061576.5 5061576.5 5061576.5 5061576.5 5061576.5 5061576.5 5061576.5 5061576.5 5061576.5 5061576.5 5061576.5 5061576.5 5061576.5 5061576.5 5061576.5 5061576.5 5061576.5 5061576.5 5061576.5 5061576.5 5061576.5 5061576.5 5061576.5 5061576.5 5061576.5 5061576.5 5061576.5 5061576.5 5061576.5 5061576.5 5061576.5 5061576.5 5061576.5 5061576.5 5061576.5 5061576.5
-9999 -9999 -9999 -9999 -9999 -9999 -9999 -9999 -9999 -9999 -9999 -9999 -9999 -9999 -9999 -9999 -9999 -9999 -9999 -9999 -9999 -9999 -9999 -9999 -9999 -9999 -9999 -9999 -9999 -9999 -9999 5061558.5 5061558.5 5061558.5 5061558.5 5061558.5 5061558.5 5061558.5 5061558.5 5061558.5 5061558.5 5061558.5 5061558.5 5061558.5 5061558.5 5061558.5 5061558.5 5061558.5 5061558.5 5061558.5 5061558.5 5061558.5 5061558.5 5061558.5 5061558.5 5061558.5 5061558.5 5061558.5 5061558.5 5061558.5 5061558.5 5061558.5 5061558.5 5061558.5 5061558.5 5061558.5 5061558.5 5061558.5 5061558.5 5061558.5 5061558.5
-9999 -9999 -9999 -9999 -9999 -9999 -9999 -9999 -9999 -9999 -9999 -9999 -9999 -9999 -9999 -9999 -9999 -9999 -9999 -9999 -9999 -9999 -9999 -9999 -9999 -9999 -9999 -9999 -9999 -9999 -9999 5061531.5 5061540.5 5061540.5 5061540.5 5061540.5 5061540.5 5061540.5 5061540.5 5061540.5 5061540.5 5061540.5 5061540.5 5061540.5 5061540.5 5061540.5 5061540.5 5061540.5 5061540.5 5061540.5 5061540.5 5061540.5 5061540.5 5061540.5 5061540.5 5061540.5 5061540.5 5061540.5 5061540.5 5061540.5 5061540.5 5061540.5 5061540.5 5061540.5 5061540.5 5061540.5 5061540.5 5061540.5 5061540.5 5061540.5 5061540.5
-9999 -9999 -9999 -9999 -9999 -9999 -9999 -9999 -9999 -9999 -9999 -9999 -9999 -9999 -9999 -9999 -9999 -9999 -9999 -9999 -9999 -9999 -9999 -9999 -9999 -9999 -9999 -9999 -9999 -9999 -9999 5061513.5 5061522.5 5061522.5 5061522.5 5061522.5 5061522.5 5061522.5 5061522.5 5061522.5 5061522.5 5061522.5 5061522.5 5061522.5 5061522.5 5061522.5 5061522.5 5061522.5 5061522.5 5061522.5 5061522.5 5061522.5 5061522.5 5061522.5 5061522.5 5061522.5 5061522.5 5061522.5 5061522.5 5061522.5 5061522.5 5061522.5 5061522.5 5061522.5 5061522.5 5061522.5 5061522.5 5061522.5 5061522.5 5061522.5 5061522.5
-9999 -9999 -9999 -9999 -9999 -9999 -9999 -9999 -9999 -9999 -9999 -9999 -9999 -9999 -9999 -9999 -9999 -9999 -9999 -9999 -9999 -9999 -9999 -9999 -9999 -9999 -9999 -9999 -9999 -9999 -9999 5061486.5 5061504.5 5061504.5 5061504.5 5061504.5 5061504.5 5061504.5 5061504.5 5061504.5 5061504.5 5061504.5 5061504.5 5061504.5 5061504.5 5061504.5 5061504.5 5061504.5 5061504.5 5061504.5 5061504.5 5061504.5 5061504.5 5061504.5 5061504.5 5061504.5 5061504.5 5061504.5 5061504.5 5061504.5 5061504.5 5061504.5 5061504.5 5061504.5 5061504.5 5061504.5 5061504.5 5061504.5 5061504.5 5061504.5 5061504.5
-9999 -9999 -9999 -9999 -9999 -9999 -9999 -9999 -9999 -9999 -9999 -9999 -9999 -9999 -9999 -9999 -9999 -9999 -9999 -9999 -9999 -9999 -9999 -9999 -9999 -9999 -9999 -9999 -9999 -9999 5061477.5 5061486.5 5061486.5 5061486.5 5061486.5 5061486.5 5061486.5 5061486.5 5061486.5 5061486.5 5061486.5 5061486.5 5061486.5 5061486.5 5061486.5 5061486.5 5061486.5 5061486.5 5061486.5 5061486.5 5061486.5 5061486.5 5061486.5 5061486.5 5061486.5 5061486.5 5061486.5 5061486.5 5061486.5 5061486.5 5061486.5 5061486.5 5061486.5 5061486.5 5061486.5 5061486.5 5061486.5 5061486.5 5061486.5 5061486.5 5061486.5
-9999 -9999 -9999 -9999 -9999 -9999 -9999 -9999 -9999 -9999 -9999 -9999 -9999 -9999 -9999 -9999 -9999 -9999 -9999 -9999 -9999 -9999 -9999 -9999 -9999 -9999 -9999 -9999 -9999 -9999 5061450.5 5061468.5 5061468.5 5061468.5 5061468.5 5061468.5 5061468.5 5061468.5 5061468.5 5061468.5 5061468.5 5061468.5 5061468.5 5061468.5 5061468.5 5061468.5 5061468.5 5061468.5 5061468.5 5061468.5 5061468.5 5061468.5 5061468.5 5061468.5 5061468.5 5061468.5 5061468.5 5061468.5 5061468.5 5061468.5 5061468.5 5061468.5 5061468.5 5061468.5 5061468.5 5061468.5 5061468.5 5061468.5 5061468.5 5061468.5 5061468.5
-9999 -9999 -9999 -9999 -9999 -9999 -9999 -9999 -9999 -9999 -9999 -9999 -9999 -9999 -9999 -9999 -9999 -9999 -9999 -9999 -9999 -9999 -9999 -9999 -9999 -9999 -9999 -9999 -9999 5061441.5 5061450.5 5061450.5 5061450.5 5061450.5 5061450.5 5061450.5 5061450.5 5061450.5 5061450.5 5061450.5 5061450.5 5061450.5 5061450.5 5061450.5 5061450.5 5061450.5 5061450.5 5061450.5 5061450.5 5061450.5 5061450.5 5061450.5 5061450.5 5061450.5 5061450.5 5061450.5 5061450.5 5061450.5 5061450.5 5061450.5 5061450.5 5061450.5 5061450.5 5061450.5 5061450.5 5061450.5 5061450.5 5061450.5 5061450.5 5061450.5 5061450.5
-9999 -9999 -9999 -9999 -9999 -9999 -9999 -9999 -9999 -9999 -9999 -9999 -9999 -9999 -9999 -9999 -9999 -9999 -9999 -9999 -9999 -9999 -9999 -9999 -9999 -9999 -9999 -9999 -9999 5061414.5 5061432.5 5061432.5 5061432.5 5061432.5 5061432.5 5061432.5 5061432.5 5061432.5 5061432.5 5061432.5 5061432.5 5061432.5 5061432.5 5061432.5 5061432.5 5061432.5 5061432.5 5061432.5 5061432.5 5061432.5 5061432.5 5061432.5 5061432.5 5061432.5 5061432.5 5061432.5 5061432.5 5061432.5 5061432.5 5061432.5 5061432.5 5061432.5 5061432.5 5061432.5 5061432.5 5061432.5 5061432.5 5061432.5 5061432.5 5061432.5 5061432.5
-9999 -9999 -9999 -9999 -9999 -9999 -9999 -9999 -9999 -9999 -9999 -9999 -9999 -9999 -9999 -9999 -9999 -9999 -9999 -9999 -9999 -9999 -9999 -9999 -9999 -9999 -9999 -9999 5061405.5 5061414.5 5061414.5 5061414.5 5061414.5 5061414.5 5061414.5 5061414.5 5061414.5 5061414.5 5061414.5 5061414.5 5061414.5 5061414.5 5061414.5 5061414.5 5061414.5 5061414.5 5061414.5 5061414.5 5061414.5 5061414.5 5061414.5 5061414.5 5061414.5 5061414.5 5061414.5 5061414.5 5061414.5 5061414.5 5061414.5 5061414.5 5061414.5 5061414.5 5061414.5 5061414.5 5061414.5 5061414.5 5061414.5 5061414.5 5061414.5 5061414.5 5061414.5
