Squibnocket_Pond/nl_Y_coord.asc
NCOLS 261 
NROWS 387 
XLLCORNER -7881650.9627 
YLLCORNER 5057895.48380001 
CELLSIZE 18 
NODATA_value -9999 
[rows 320 to 351 of 387, columns 142 to 212 of 261]
5059092.5 5059092.5 5059092.5 5059092.5 5059092.5 5059092.5 5059092.5 5059092.5 5059092.5 5059092.5 5059092.5 5059092.5 5059092.5 5059092.5 5059092.5 5059092.5 5059092.5 5059092.5 5059092.5 5059092.5 5059092.5 5059092.5 5059092.5 5059092.5 5059092.5 5059092.5 5059092.5 5059092.5 5059092.5 5059092.5 5059092.5 5059092.5 5059092.5 5059092.5 5059092.5 5059092.5 5059092.5 5059092.5 5059092.5 5059092.5 5059092.5 5059092.5 5059092.5 5059092.5 5059092.5 5059092.5 5059092.5 5059092.5 5059092.5 5059092.5 5059092.5 5059092.5 5059092.5 5059092.5 5059092.5 5059092.5 5059092.5 5059092.5 5059092.5 5059092.5 5059092.5 -9999 -9999 -9999 -9999 -9999 -9999 -9999 -9999 -9999 -9999
5059074.5 5059074.5 5059074.5 5059074.5 5059074.5 5059074.5 5059074.5 5059074.5 5059074.5 5059074.5 5059074.5 5059074.5 5059074.5 5059074.5 5059074.5 5059074.5 5059074.5 5059074.5 5059074.5 5059074.5 5059074.5 5059074.5 5059074.5 5059074.5 5059074.5 5059074.5 5059074.5 5059074.5 5059074.5 5059074.5 5059074.5 5059074.5 5059074.5 5059074.5 5059074.5 5059074.5 5059074.5 5059074.5 5059074.5 5059074.5 5059074.5 5059074.5 5059074.5 5059074.5 5059074.5 5059074.5 5059074.5 5059074.5 5059074.5 5059074.5 5059074.5 5059074.5 5059074.5 5059074.5 5059074.5 5059074.5 5059074.5 5059074.5 5059074.5 -9999 -9999 -9999 -9999 -9999 -9999 -9999 -9999 -9999 -9999 -9999 -9999
5059056.5 5059056.5 5059056.5 5059056.5 5059056.5 5059056.5 5059056.5 5059056.5 5059056.5 5059056.5 5059056.5 5059056.5 5059056.5 5059056.5 5059056.5 5059056.5 5059056.5 5059056.5 5059056.5 5059056.5 5059056.5 5059056.5 5059056.5 5059056.5 5059056.5 5059056.5 5059056.5 5059056.5 5059056.5 5059056.5 5059056.5 5059056.5 5059056.5 5059056.5 5059056.5 5059056.5 5059056.5 5059056.5 5059056.5 5059056.5 5059056.5 5059056.5 5059056.5 5059056.5 5059056.5 5059056.5 5059056.5 5059056.5 5059056.5 5059056.5 5059056.5 5059056.5 5059056.5 5059056.5 5059056.5 5059056.5 5059056.5 5059056.5 5059056.5 5059038.5 5059038.5 -9999 -9999 -9999 -9999 -9999 -9999 -9999 -9999 -9999 -9999
5059038.5 5059038.5 5059038.5 5059038.5 5059038.5 5059038.5 5059038.5 5059038.5 5059038.5 5059038.5 5059038.5 5059038.5 5059038.5 5059038.5 5059038.5 5059038.5 5059038.5 5059038.5 5059038.5 5059038.5 5059038.5 5059038.5 5059038.5 5059038.5 5059038.5 5059038.5 5059038.5 5059038.5 5059038.5 5059038.5 5059038.5 5059038.5 5059038.5 5059038.5 5059038.5 5059038.5 5059038.5 5059038.5 5059038.5 5059038.5 5059038.5 5059038.5 5059038.5 5059038.5 5059038.5 5059038.5 5059038.5 5059038.5 5059038.5 5059038.5 5059038.5 5059038.5 5059038.5 5059038.5 5059038.5 5059038.5 5059038.5 5059038.5 5059038.5 5059038.5 5059038.5 5059038.5 -9999 -9999 -9999 -9999 -9999 -9999 -9999 -9999 -9999
5059020.5 5059020.5 5059020.5 5059020.5 5059020.5 5059020.5 5059020.5 5059020.5 5059020.5 5059020.5 5059020.5 5059020.5 5059020.5 5059020.5 5059020.5 5059020.5 5059020.5 5059020.5 5059020.5 5059020.5 5059020.5 5059020.5 5059020.5 5059020.5 5059020.5 5059020.5 5059020.5 5059020.5 5059020.5 5059020.5 5059020.5 5059020.5 5059020.5 5059020.5 5059020.5 5059020.5 5059020.5 5059020.5 5059020.5 5059020.5 5059020.5 5059020.5 5059020.5 5059020.5 5059020.5 5059020.5 5059020.5 5059020.5 5059020.5 5059020.5 5059020.5 5059020.5 5059020.5 5059020.5 5059020.5 5059020.5 5059020.5 5059020.5 5059020.5 5059020.5 5059020.5 5059020.5 5059020.5 -9999 -9999 -9999 -9999 -9999 -9999 -9999 -9999
5059002.5 5059002.5 5059002.5 5059002.5 5059002.5 5059002.5 5059002.5 5059002.5 5059002.5 5059002.5 5059002.5 5059002.5 5059002.5 5059002.5 5059002.5 5059002.5 5059002.5 5059002.5 5059002.5 5059002.5 5059002.5 5059002.5 5059002.5 5059002.5 5059002.5 5059002.5 5059002.5 5059002.5 5059002.5 5059002.5 5059002.5 5059002.5 5059002.5 5059002.5 5059002.5 5059002.5 5059002.5 5059002.5 5059002.5 5059002.5 5059002.5 5059002.5 5059002.5 5059002.5 5059002.5 5059002.5 5059002.5 5059002.5 5059002.5 5059002.5 5059002.5 5059002.5 5059002.5 5059002.5 5059002.5 5059002.5 5059002.5 5059002.5 5059002.5 5059002.5 5059002.5 5059002.5 5059002.5 5059002.5 -9999 -9999 -9999 -9999 -9999 -9999 -9999
5058984.5 5058984.5 5058984.5 5058984.5 5058984.5 5058984.5 5058984.5 5058984.5 5058984.5 5058984.5 5058984.5 5058984.5 5058984.5 5058984.5 5058984.5 5058984.5 5058984.5 5058984.5 5058984.5 5058984.5 5058984.5 5058984.5 5058984.5 5058984.5 5058984.5 5058984.5 5058984.5 5058984.5 5058984.5 5058984.5 5058984.5 5058984.5 5058984.5 5058984.5 5058984.5 5058984.5 5058984.5 5058984.5 5058984.5 5058984.5 5058984.5 5058984.5 5058984.5 5058984.5 5058984.5 5058984.5 5058984.5 5058984.5 5058984.5 5058984.5 5058984.5 5058984.5 5058984.5 5058984.5 5058984.5 5058984.5 5058984.5 5058984.5 5058984.5 5058984.5 5058984.5 5058984.5 5058984.5 5058984.5 -9999 -9999 -9999 -9999 -9999 -9999 -9999
5058966.5 5058966.5 5058966.5 5058966.5 5058966.5 5058966.5 5058966.5 5058966.5 5058966.5 5058966.5 5058966.5 5058966.5 5058966.5 5058966.5 5058966.5 5058966.5 5058966.5 5058966.5 5058966.5 5058966.5 5058966.5 5058966.5 5058966.5 5058966.5 5058966.5 5058966.5 5058966.5 5058966.5 5058966.5 5058966.5 5058966.5 5058966.5 5058966.5 5058966.5 5058966.5 5058966.5 5058966.5 5058966.5 5058966.5 5058966.5 5058966.5 5058966.5 5058966.5 5058966.5 5058966.5 5058966.5 5058966.5 5058966.5 5058966.5 5058966.5 5058966.5 5058966.5 5058966.5 5058966.5 5058966.5 5058966.5 5058966.5 5058966.5 5058966.5 5058966.5 5058966.5 5058966.5 5058966.5 5058966.5 -9999 -9999 -9999 -9999 -9999 -9999 -9999
5058948.5 5058948.5 5058948.5 5058948.5 5058948.5 5058948.5 5058948.5 5058948.5 5058948.5 5058948.5 5058948.5 5058948.5 5058948.5 5058948.5 5058948.5 5058948.5 5058948.5 5058948.5 5058948.5 5058948.5 5058948.5 5058948.5 5058948.5 5058948.5 5058948.5 5058948.5 5058948.5 5058948.5 5058948.5 5058948.5 5058948.5 5058948.5 5058948.5 5058948.5 5058948.5 5058948.5 5058948.5 5058948.5 5058948.5 5058948.5 5058948.5 5058948.5 5058948.5 5058948.5 5058948.5 5058948.5 5058948.5 5058948.5 5058948.5 5058948.5 5058948.5 5058948.5 5058948.5 5058948.5 5058948.5 5058948.5 5058948.5 5058948.5 5058948.5 5058948.5 5058948.5 5058948.5 5058948.5 5058948.5 -9999 -9999 -9999 -9999 -9999 -9999 -9999
5058930.5 5058930.5 5058930.5 5058930.5 5058930.5 5058930.5 5058930.5 5058930.5 5058930.5 5058930.5 5058930.5 5058930.5 5058930.5 5058930.5 5058930.5 5058930.5 5058930.5 5058930.5 5058930.5 5058930.5 5058930.5 5058930.5 5058930.5 5058930.5 5058930.5 5058930.5 5058930.5 5058930.5 5058930.5 5058930.5 5058930.5 5058930.5 5058930.5 5058930.5 5058930.5 5058930.5 5058930.5 5058930.5 5058930.5 5058930.5 5058930.5 5058930.5 5058930.5 5058930.5 5058930.5 5058930.5 5058930.5 5058930.5 5058930.5 5058930.5 5058930.5 5058930.5 5058930.5 5058930.5 5058930.5 5058930.5 5058930.5 5058930.5 5058930.5 5058930.5 5058930.5 5058930.5 5058930.5 5058930.5 5058930.5 5058912.5 -9999 -9999 -9999 -9999 -9999
5058912.5 5058912.5 5058912.5 5058912.5 5058912.5 5058912.5 5058912.5 5058912.5 5058912.5 5058912.5 5058912.5 5058912.5 5058912.5 5058912.5 5058912.5 5058912.5 5058912.5 5058912.5 5058912.5 5058912.5 5058912.5 5058912.5 5058912.5 5058912.5 5058912.5 5058912.5 5058912.5 5058912.5 5058912.5 5058912.5 5058912.5 5058912.5 5058912.5 5058912.5 5058912.5 5058912.5 5058912.5 5058912.5 5058912.5 5058912.5 5058912.5 5058912.5 5058912.5 5058912.5 5058912.5 5058912.5 5058912.5 5058912.5 5058912.5 5058912.5 5058912.5 5058912.5 5058912.5 5058912.5 5058912.5 5058912.5 5058912.5 5058912.5 5058912.5 5058912.5 5058912.5 5058912.5 5058912.5 5058912.5 5058912.5 5058912.5 5058912.5 -9999 -9999 -9999 -9999
5058894.5 5058894.5 5058894.5 5058894.5 5058894.5 5058894.5 5058894.5 5058894.5 5058894.5 5058894.5 5058894.5 5058894.5 5058894.5 5058894.5 5058894.5 5058894.5 5058894.5 5058894.5 5058894.5 5058894.5 5058894.5 5058894.5 5058894.5 5058894.5 5058894.5 5058894.5 5058894.5 5058894.5 5058894.5 5058894.5 5058894.5 5058894.5 5058894.5 5058894.5 5058894.5 5058894.5 5058894.5 5058894.5 5058894.5 5058894.5 5058894.5 5058894.5 5058894.5 5058894.5 5058894.5 5058894.5 5058894.5 5058894.5 5058894.5 5058894.5 5058894.5 5058894.5 5058894.5 5058894.5 5058894.5 5058894.5 5058894.5 5058894.5 5058894.5 5058894.5 5058894.5 5058894.5 5058894.5 5058894.5 5058894.5 5058894.5 5058894.5 5058894.5 -9999 -9999 -9999
5058876.5 5058876.5 5058876.5 5058876.5 5058876.5 5058876.5 5058876.5 5058876.5 5058876.5 5058876.5 5058876.5 5058876.5 5058876.5 5058876.5 5058876.5 5058876.5 5058876.5 5058876.5 5058876.5 5058876.5 5058876.5 5058876.5 5058876.5 5058876.5 5058876.5 5058876.5 5058876.5 5058876.5 5058876.5 5058876.5 5058876.5 5058876.5 5058876.5 5058876.5 5058876.5 5058876.5 5058876.5 5058876.5 5058876.5 5058876.5 5058876.5 5058876.5 5058876.5 5058876.5 5058876.5 5058876.5 5058876.5 5058876.5 5058876.5 5058876.5 5058876.5 5058876.5 5058876.5 5058876.5 5058876.5 5058876.5 5058876.5 5058876.5 5058876.5 5058876.5 5058876.5 5058876.5 5058876.5 5058876.5 5058876.5 5058876.5 5058876.5 5058876.5 -9999 -9999 -9999
5058858.5 5058858.5 5058858.5 5058858.5 5058858.5 5058858.5 5058858.5 5058858.5 5058858.5 5058858.5 5058858.5 5058858.5 5058858.5 5058858.5 5058858.5 5058858.5 5058858.5 5058858.5 5058858.5 5058858.5 5058858.5 5058858.5 5058858.5 5058858.5 5058858.5 5058858.5 5058858.5 5058858.5 5058858.5 5058858.5 5058858.5 5058858.5 5058858.5 5058858.5 5058858.5 5058858.5 5058858.5 5058858.5 5058858.5 5058858.5 5058858.5 5058858.5 5058858.5 5058858.5 5058858.5 5058858.5 5058858.5 5058858.5 5058858.5 5058858.5 5058858.5 5058858.5 5058858.5 5058858.5 5058858.5 5058858.5 5058858.5 5058858.5 5058858.5 5058858.5 5058858.5 5058858.5 5058858.5 5058858.5 5058858.5 5058858.5 5058858.5 5058858.5 -9999 -9999 -9999
5058840.5 5058840.5 5058840.5 5058840.5 5058840.5 5058840.5 5058840.5 5058840.5 5058840.5 5058840.5 5058840.5 5058840.5 5058840.5 5058840.5 5058840.5 5058840.5 5058840.5 5058840.5 5058840.5 5058840.5 5058840.5 5058840.5 5058840.5 5058840.5 5058840.5 5058840.5 5058840.5 5058840.5 5058840.5 5058840.5 5058840.5 5058840.5 5058840.5 5058840.5 5058840.5 5058840.5 5058840.5 5058840.5 5058840.5 5058840.5 5058840.5 5058840.5 5058840.5 5058840.5 5058840.5 5058840.5 5058840.5 5058840.5 5058840.5 5058840.5 5058840.5 5058840.5 5058840.5 5058840.5 5058840.5 5058840.5 5058840.5 5058840.5 5058840.5 5058840.5 5058840.5 5058840.5 5058840.5 5058840.5 5058840.5 5058840.5 5058840.5 5058840.5 5058840.5 -9999 -9999
5058822.5 5058822.5 5058822.5 5058822.5 5058822.5 5058822.5 5058822.5 5058822.5 5058822.5 5058822.5 5058822.5 5058822.5 5058822.5 5058822.5 5058822.5 5058822.5 5058822.5 5058822.5 5058822.5 5058822.5 5058822.5 5058822.5 5058822.5 5058822.5 5058822.5 5058822.5 5058822.5 5058822.5 5058822.5 5058822.5 5058822.5 5058822.5 5058822.5 5058822.5 5058822.5 5058822.5 5058822.5 5058822.5 5058822.5 5058822.5 5058822.5 5058822.5 5058822.5 5058822.5 5058822.5 5058822.5 5058822.5 5058822.5 5058822.5 5058822.5 5058822.5 5058822.5 5058822.5 5058822.5 5058822.5 5058822.5 5058822.5 5058822.5 5058822.5 5058822.5 5058822.5 5058822.5 5058822.5 5058822.5 5058822.5 5058822.5 5058822.5 5058822.5 5058822.5 -9999 -9999
5058804.5 5058804.5 5058804.5 5058804.5 5058804.5 5058804.5 5058804.5 5058804.5 5058804.5 5058804.5 5058804.5 5058804.5 5058804.5 5058804.5 5058804.5 5058804.5 5058804.5 5058804.5 5058804.5 5058804.5 5058804.5 5058804.5 5058804.5 5058804.5 5058804.5 5058804.5 5058804.5 5058804.5 5058804.5 5058804.5 5058804.5 5058804.5 5058804.5 5058804.5 5058804.5 5058804.5 5058804.5 5058804.5 5058804.5 5058804.5 5058804.5 5058804.5 5058804.5 5058804.5 5058804.5 5058804.5 5058804.5 5058804.5 5058804.5 5058804.5 5058804.5 5058804.5 5058804.5 5058804.5 5058804.5 5058804.5 5058804.5 5058804.5 5058804.5 5058804.5 5058804.5 5058804.5 5058804.5 5058804.5 5058804.5 5058804.5 5058804.5 5058804.5 5058804.5 -9999 -9999
5058786.5 5058786.5 5058786.5 5058786.5 5058786.5 5058786.5 5058786.5 5058786.5 5058786.5 5058786.5 5058786.5 5058786.5 5058786.5 5058786.5 5058786.5 5058786.5 5058786.5 5058786.5 5058786.5 5058786.5 5058786.5 5058786.5 5058786.5 5058786.5 5058786.5 5058786.5 5058786.5 5058786.5 5058786.5 5058786.5 5058786.5 5058786.5 -9999 -9999 5058786.5 5058786.5 5058786.5 5058786.5 5058786.5 5058786.5 5058786.5 5058786.5 5058786.5 5058786.5 5058786.5 5058786.5 5058786.5 5058786.5 5058786.5 5058786.5 5058786.5 5058786.5 5058786.5 5058786.5 5058786.5 5058786.5 5058786.5 5058786.5 5058786.5 5058786.5 5058786.5 5058786.5 5058786.5 5058786.5 5058786.5 5058786.5 5058786.5 5058786.5 5058786.5 -9999 -9999
5058768.5 5058768.5 5058768.5 5058768.5 5058768.5 5058768.5 5058768.5 5058768.5 5058768.5 5058768.5 5058768.5 5058768.5 5058768.5 5058768.5 5058768.5 5058768.5 5058768.5 5058768.5 5058768.5 5058768.5 5058768.5 5058768.5 5058768.5 5058768.5 5058768.5 5058768.5 5058768.5 5058768.5 5058768.5 5058768.5 5058768.5 5058768.5 5058768.5 -9999 5058759.5 5058768.5 5058768.5 5058768.5 5058768.5 5058768.5 5058768.5 5058768.5 5058768.5 5058768.5 5058768.5 5058768.5 5058768.5 5058768.5 5058768.5 5058768.5 5058768.5 5058768.5 5058768.5 5058768.5 5058768.5 5058768.5 5058768.5 5058768.5 5058768.5 5058768.5 5058768.5 5058768.5 5058768.5 5058768.5 5058768.5 5058768.5 5058768.5 5058768.5 -9999 -9999 -9999
5058750.5 5058750.5 5058750.5 5058750.5 5058750.5 5058750.5 5058750.5 5058750.5 5058750.5 5058750.5 5058750.5 5058750.5 -9999 -9999 -9999 -9999 5058750.5 5058750.5 5058750.5 5058750.5 5058750.5 5058750.5 5058750.5 5058750.5 5058750.5 5058750.5 5058750.5 5058750.5 5058750.5 5058750.5 5058750.5 5058750.5 5058750.5 -9999 -9999 5058750.5 5058750.5 5058750.5 5058750.5 5058750.5 5058750.5 5058750.5 5058750.5 5058750.5 5058750.5 5058750.5 5058750.5 5058750.5 5058750.5 5058750.5 5058750.5 5058750.5 5058750.5 5058750.5 5058750.5 5058750.5 5058750.5 5058750.5 5058750.5 5058750.5 5058750.5 5058750.5 5058750.5 5058750.5 5058750.5 5058750.5 5058750.5 5058750.5 -9999 -9999 -9999
5058732.5 5058732.5 5058732.5 5058732.5 5058732.5 5058732.5 5058732.5 5058732.5 5058732.5 5058732.5 5058732.5 -9999 -9999 -9999 -9999 -9999 -9999 -9999 -9999 -9999 -9999 -9999 -9999 -9999 5058723.5 5058732.5 5058732.5 5058732.5 5058732.5 5058732.5 5058732.5 5058732.5 5058732.5 -9999 -9999 5058723.5 5058732.5 5058732.5 5058732.5 5058732.5 5058732.5 5058732.5 5058732.5 5058732.5 5058732.5 5058732.5 5058732.5 5058732.5 5058732.5 5058732.5 5058732.5 5058732.5 5058732.5 5058732.5 5058732.5 5058732.5 5058732.5 5058732.5 5058732.5 5058732.5 5058732.5 5058732.5 5058732.5 5058732.5 5058732.5 5058732.5 5058732.5 5058732.5 -9999 -9999 -9999
5058714.5 5058714.5 5058714.5 5058714.5 5058714.5 5058714.5 5058714.5 5058714.5 5058714.5 5058714.5 -9999 -9999 -9999 -9999 -9999 -9999 -9999 -9999 -9999 -9999 -9999 -9999 -9999 -9999 5058705.5 5058714.5 5058714.5 5058714.5 5058714.5 5058714.5 5058714.5 5058714.5 5058714.5 -9999 -9999 5058705.5 5058714.5 5058714.5 5058714.5 5058714.5 5058714.5 5058714.5 5058714.5 5058714.5 5058714.5 5058714.5 5058714.5 5058714.5 5058714.5 5058714.5 5058714.5 5058714.5 5058714.5 5058714.5 5058714.5 5058714.5 5058714.5 5058714.5 5058714.5 5058714.5 5058714.5 5058714.5 5058714.5 5058714.5 5058714.5 5058714.5 5058714.5 -9999 -9999 -9999 -9999
5058696.5 5058696.5 5058696.5 5058696.5 5058696.5 5058696.5 5058696.5 5058696.5 5058696.5 5058696.5 -9999 -9999 -9999 -9999 -9999 -9999 -9999 -9999 -9999 -9999 -9999 -9999 -9999 -9999 5058687.5 5058696.5 5058696.5 5058696.5 5058696.5 5058696.5 5058696.5 5058696.5 5058696.5 -9999 -9999 5058687.5 5058696.5 5058696.5 5058696.5 5058696.5 5058696.5 5058696.5 5058696.5 5058696.5 5058696.5 5058696.5 5058696.5 5058696.5 5058696.5 5058696.5 5058696.5 5058696.5 5058696.5 5058696.5 5058696.5 5058696.5 5058696.5 5058696.5 5058696.5 5058696.5 5058696.5 5058696.5 5058696.5 5058696.5 5058696.5 5058696.5 5058696.5 -9999 -9999 -9999 -9999
5058678.5 5058678.5 5058678.5 5058678.5 5058678.5 5058678.5 5058678.5 5058678.5 -9999 -9999 -9999 -9999 -9999 -9999 -9999 -9999 -9999 -9999 -9999 -9999 -9999 -9999 -9999 -9999 -9999 5058678.5 5058678.5 5058678.5 5058678.5 5058678.5 5058678.5 5058678.5 5058678.5 -9999 -9999 5058669.5 5058678.5 5058678.5 5058678.5 5058678.5 5058678.5 5058678.5 5058678.5 5058678.5 5058678.5 5058678.5 5058678.5 5058678.5 5058678.5 5058678.5 5058678.5 5058678.5 5058678.5 5058678.5 5058678.5 5058678.5 5058678.5 5058678.5 5058678.5 5058678.5 5058678.5 5058678.5 5058678.5 5058678.5 5058678.5 5058678.5 -9999 -9999 -9999 -9999 -9999
5058660.5 5058660.5 5058660.5 5058660.5 5058660.5 5058660.5 5058660.5 -9999 -9999 -9999 -9999 -9999 -9999 -9999 -9999 -9999 -9999 -9999 -9999 -9999 -9999 -9999 -9999 -9999 -9999 -9999 5058660.5 5058660.5 5058660.5 5058660.5 5058660.5 5058660.5 -9999 -9999 -9999 5058651.5 5058660.5 5058660.5 5058660.5 5058660.5 5058660.5 5058660.5 5058660.5 5058660.5 5058660.5 5058660.5 5058660.5 5058660.5 5058660.5 5058660.5 5058660.5 5058660.5 5058660.5 5058660.5 5058660.5 5058660.5 5058660.5 5058660.5 5058660.5 5058660.5 5058660.5 5058660.5 5058660.5 5058660.5 5058660.5 -9999 -9999 -9999 -9999 -9999 -9999
5058642.5 5058642.5 5058642.5 5058642.5 5058642.5 5058642.5 5058642.5 -9999 -9999 -9999 -9999 -9999 -9999 -9999 -9999 -9999 -9999 -9999 -9999 -9999 -9999 -9999 -9999 -9999 -9999 -9999 -9999 5058642.5 5058642.5 5058642.5 5058642.5 5058642.5 -9999 -9999 -9999 -9999 5058642.5 5058642.5 5058642.5 5058642.5 5058642.5 -9999 -9999 -9999 -9999 -9999 5058642.5 5058642.5 5058642.5 5058642.5 5058642.5 5058642.5 5058642.5 5058642.5 5058642.5 5058642.5 5058642.5 5058642.5 5058642.5 5058642.5 5058642.5 5058642.5 5058642.5 5058642.5 -9999 -9999 -9999 -9999 -9999 -9999 -9999
5058624.5 5058624.5 5058624.5 5058624.5 5058624.5 5058624.5 -9999 -9999 -9999 -9999 -9999 -9999 -9999 -9999 -9999 -9999 -9999 -9999 -9999 -9999 -9999 -9999 -9999 -9999 -9999 -9999 -9999 -9999 -9999 -9999 -9999 -9999 -9999 -9999 -9999 -9999 -9999 5058624.5 5058624.5 5058624.5 5058624.5 -9999 -9999 -9999 -9999 -9999 -9999 -9999 5058624.5 5058624.5 5058624.5 5058624.5 5058624.5 5058624.5 5058624.5 5058624.5 5058624.5 5058624.5 5058624.5 5058624.5 5058624.5 5058624.5 5058624.5 -9999 -9999 -9999 -9999 -9999 -9999 -9999 -9999
5058606.5 5058606.5 5058606.5 5058606.5 5058606.5 -9999 -9999 -9999 -9999 -9999 -9999 -9999 -9999 -9999 -9999 -9999 -9999 -9999 -9999 -9999 -9999 -9999 -9999 -9999 -9999 -9999 -9999 -9999 -9999 -9999 -9999 -9999 -9999 -9999 -9999 -9999 -9999 -9999 -9999 -9999 -9999 -9999 -9999 -9999 -9999 -9999 -9999 -9999 -9999 -9999 -9999 -9999 -9999 -9999 5058606.5 5058606.5 5058606.5 5058606.5 5058606.5 -9999 -9999 -9999 -9999 -9999 -9999 -9999 -9999 -9999 -9999 -9999 -9999
5058588.5 5058588.5 5058588.5 5058588.5 -9999 -9999 -9999 -9999 -9999 -9999 -9999 -9999 -9999 -9999 -9999 -9999 -9999 -9999 -9999 -9999 -9999 -9999 -9999 -9999 -9999 -9999 -9999 -9999 -9999 -9999 -9999 -9999 -9999 -9999 -9999 -9999 -9999 -9999 -9999 -9999 -9999 -9999 -9999 -9999 -9999 -9999 -9999 -9999 -9999 -9999 -9999 -9999 -9999 -9999 -9999 -9999 -9999 -9999 -9999 -9999 -9999 -9999 -9999 -9999 -9999 -9999 -9999 -9999 -9999 -9999 -9999
-9999 -9999 -9999 -9999 -9999 -9999 -9999 -9999 -9999 -9999 -9999 -9999 -9999 -9999 -9999 -9999 -9999 -9999 -9999 -9999 -9999 -9999 -9999 -9999 -9999 -9999 -9999 -9999 -9999 -9999 -9999 -9999 -9999 -9999 -9999 -9999 -9999 -9999 -9999 -9999 -9999 -9999 -9999 -9999 -9999 -9999 -9999 -9999 -9999 -9999 -9999 -9999 -9999 -9999 -9999 -9999 -9999 -9999 -9999 -9999 -9999 -9999 -9999 -9999 -9999 -9999 -9999 -9999 -9999 -9999 -9999
-9999 -9999 -9999 -9999 -9999 -9999 -9999 -9999 -9999 -9999 -9999 -9999 -9999 -9999 -9999 -9999 -9999 -9999 -9999 -9999 -9999 -9999 -9999 -9999 -9999 -9999 -9999 -9999 -9999 -9999 -9999 -9999 -9999 -9999 -9999 -9999 -9999 -9999 -9999 -9999 -9999 -9999 -9999 -9999 -9999 -9999 -9999 -9999 -9999 -9999 -9999 -9999 -9999 -9999 -9999 -9999 -9999 -9999 -9999 -9999 -9999 -9999 -9999 -9999 -9999 -9999 -9999 -9999 -9999 -9999 -9999
-9999 -9999 -9999 -9999 -9999 -9999 -9999 -9999 -9999 -9999 -9999 -9999 -9999 -9999 -9999 -9999 -9999 -9999 -9999 -9999 -9999 -9999 -9999 -9999 -9999 -9999 -9999 -9999 -9999 -9999 -9999 -9999 -9999 -9999 -9999 -9999 -9999 -9999 -9999 -9999 -9999 -9999 -9999 -9999 -9999 -9999 -9999 -9999 -9999 -9999 -9999 -9999 -9999 -9999 -9999 -9999 -9999 -9999 -9999 -9999 -9999 -9999 -9999 -9999 -9999 -9999 -9999 -9999 -9999 -9999 -9999
