Squibnocket_Pond/nl_Y_coord.asc
NCOLS 261 
NROWS 387 
XLLCORNER -7881650.9627 
YLLCORNER 5057895.48380001 
CELLSIZE 18 
NODATA_value -9999 
[rows 128 to 159 of 387, columns 142 to 212 of 261]
5062548.5 5062548.5 5062548.5 5062548.5 5062548.5 5062548.5 5062548.5 5062548.5 5062548.5 5062548.5 5062548.5 5062548.5 5062548.5 5062548.5 5062548.5 5062548.5 5062548.5 5062548.5 5062548.5 5062548.5 5062548.5 5062548.5 5062548.5 5062548.5 5062548.5 5062548.5 5062548.5 5062548.5 5062548.5 5062548.5 5062548.5 5062548.5 5062548.5 5062548.5 5062548.5 5062548.5 5062548.5 5062548.5 5062548.5 5062548.5 5062548.5 5062548.5 5062548.5 5062548.5 5062548.5 5062548.5 5062548.5 5062548.5 5062548.5 5062548.5 5062548.5 5062548.5 5062548.5 5062548.5 5062548.5 5062548.5 5062548.5 5062548.5 5062548.5 5062548.5 5062548.5 5062548.5 5062548.5 5062548.5 5062548.5 5062548.5 5062548.5 5062548.5 5062548.5 5062548.5 5062548.5
5062530.5 5062530.5 5062530.5 5062530.5 5062530.5 5062530.5 5062530.5 5062530.5 5062530.5 5062530.5 5062530.5 5062530.5 5062530.5 5062530.5 5062530.5 5062530.5 5062530.5 5062530.5 5062530.5 5062530.5 5062530.5 5062530.5 5062530.5 5062530.5 5062530.5 5062530.5 5062530.5 5062530.5 5062530.5 5062530.5 5062530.5 5062530.5 5062530.5 5062530.5 5062530.5 5062530.5 5062530.5 5062530.5 5062530.5 5062530.5 5062530.5 5062530.5 5062530.5 5062530.5 5062530.5 5062530.5 5062530.5 5062530.5 5062530.5 5062530.5 5062530.5 5062530.5 5062530.5 5062530.5 5062530.5 5062530.5 5062530.5 5062530.5 5062530.5 5062530.5 5062530.5 5062530.5 5062530.5 5062530.5 5062530.5 5062530.5 5062530.5 5062530.5 5062530.5 5062530.5 5062530.5
5062512.5 5062512.5 5062512.5 5062512.5 5062512.5 5062512.5 5062512.5 5062512.5 5062512.5 5062512.5 5062512.5 5062512.5 5062512.5 5062512.5 5062512.5 5062512.5 5062512.5 5062512.5 5062512.5 5062512.5 5062512.5 5062512.5 5062512.5 5062512.5 5062512.5 5062512.5 5062512.5 5062512.5 5062512.5 5062512.5 5062512.5 5062512.5 5062512.5 5062512.5 5062512.5 5062512.5 5062512.5 5062512.5 5062512.5 5062512.5 5062512.5 5062512.5 5062512.5 5062512.5 5062512.5 5062512.5 5062512.5 5062512.5 5062512.5 5062512.5 5062512.5 5062512.5 5062512.5 5062512.5 5062512.5 5062512.5 5062512.5 5062512.5 5062512.5 5062512.5 5062512.5 5062512.5 5062512.5 5062512.5 5062512.5 5062512.5 5062512.5 5062512.5 5062512.5 5062512.5 5062512.5
5062494.5 5062494.5 5062494.5 5062494.5 5062494.5 5062494.5 5062494.5 5062494.5 5062494.5 5062494.5 5062494.5 5062494.5 5062494.5 5062494.5 5062494.5 5062494.5 5062494.5 5062494.5 5062494.5 5062494.5 5062494.5 5062494.5 5062494.5 5062494.5 5062494.5 5062494.5 5062494.5 5062494.5 5062494.5 5062494.5 5062494.5 5062494.5 5062494.5 5062494.5 5062494.5 5062494.5 5062494.5 5062494.5 5062494.5 5062494.5 5062494.5 5062494.5 5062494.5 5062494.5 5062494.5 5062494.5 5062494.5 5062494.5 5062494.5 5062494.5 5062494.5 5062494.5 5062494.5 5062494.5 5062494.5 5062494.5 5062494.5 5062494.5 5062494.5 5062494.5 5062494.5 5062494.5 5062494.5 5062494.5 5062494.5 5062494.5 5062494.5 5062494.5 5062494.5 5062494.5 5062494.5
5062476.5 5062476.5 5062476.5 5062476.5 5062476.5 5062476.5 5062476.5 5062476.5 5062476.5 5062476.5 5062476.5 5062476.5 5062476.5 5062476.5 5062476.5 5062476.5 5062476.5 5062476.5 5062476.5 5062476.5 5062476.5 5062476.5 5062476.5 5062476.5 5062476.5 5062476.5 5062476.5 5062476.5 5062476.5 5062476.5 5062476.5 5062476.5 5062476.5 5062476.5 5062476.5 5062476.5 5062476.5 5062476.5 5062476.5 5062476.5 5062476.5 5062476.5 5062476.5 5062476.5 5062476.5 5062476.5 5062476.5 5062476.5 5062476.5 5062476.5 5062476.5 5062476.5 5062476.5 5062476.5 5062476.5 5062476.5 5062476.5 5062476.5 5062476.5 5062476.5 5062476.5 5062476.5 5062476.5 5062476.5 5062476.5 5062476.5 5062476.5 5062476.5 5062476.5 5062476.5 5062476.5
5062458.5 5062458.5 5062458.5 5062458.5 5062458.5 5062458.5 5062458.5 5062458.5 5062458.5 5062458.5 5062458.5 5062458.5 5062458.5 5062458.5 5062458.5 5062458.5 5062458.5 5062458.5 5062458.5 5062458.5 5062458.5 5062458.5 5062458.5 5062458.5 5062458.5 5062458.5 5062458.5 5062458.5 5062458.5 5062458.5 5062458.5 5062458.5 5062458.5 5062458.5 5062458.5 5062458.5 5062458.5 5062458.5 5062458.5 5062458.5 5062458.5 5062458.5 5062458.5 5062458.5 5062458.5 5062458.5 5062458.5 5062458.5 5062458.5 5062458.5 5062458.5 5062458.5 5062458.5 5062458.5 5062458.5 5062458.5 5062458.5 5062458.5 5062458.5 5062458.5 5062458.5 5062458.5 5062458.5 5062458.5 5062458.5 5062458.5 5062458.5 5062458.5 5062458.5 5062458.5 5062458.5
5062440.5 5062440.5 5062440.5 5062440.5 5062440.5 5062440.5 5062440.5 5062440.5 5062440.5 5062440.5 5062440.5 5062440.5 5062440.5 5062440.5 5062440.5 5062440.5 5062440.5 5062440.5 5062440.5 5062440.5 5062440.5 5062440.5 5062440.5 5062440.5 5062440.5 5062440.5 5062440.5 5062440.5 5062440.5 5062440.5 5062440.5 5062440.5 5062440.5 5062440.5 5062440.5 5062440.5 5062440.5 5062440.5 5062440.5 5062440.5 5062440.5 5062440.5 5062440.5 5062440.5 5062440.5 5062440.5 5062440.5 5062440.5 5062440.5 5062440.5 5062440.5 5062440.5 5062440.5 5062440.5 5062440.5 5062440.5 5062440.5 5062440.5 5062440.5 5062440.5 5062440.5 5062440.5 5062440.5 5062440.5 5062440.5 5062440.5 5062440.5 5062440.5 5062440.5 5062440.5 5062440.5
5062422.5 5062422.5 5062422.5 5062422.5 5062422.5 5062422.5 5062422.5 5062422.5 5062422.5 5062422.5 5062422.5 5062422.5 5062422.5 5062422.5 5062422.5 5062422.5 5062422.5 5062422.5 5062422.5 5062422.5 5062422.5 5062422.5 5062422.5 5062422.5 5062422.5 5062422.5 5062422.5 5062422.5 5062422.5 5062422.5 5062422.5 5062422.5 5062422.5 5062422.5 5062422.5 5062422.5 5062422.5 5062422.5 5062422.5 5062422.5 5062422.5 5062422.5 5062422.5 5062422.5 5062422.5 5062422.5 5062422.5 5062422.5 5062422.5 5062422.5 5062422.5 5062422.5 5062422.5 5062422.5 5062422.5 5062422.5 5062422.5 5062422.5 5062422.5 5062422.5 5062422.5 5062422.5 5062422.5 5062422.5 5062422.5 5062422.5 5062422.5 5062422.5 5062422.5 5062422.5 5062422.5
5062404.5 5062404.5 5062404.5 5062404.5 5062404.5 5062404.5 5062404.5 5062404.5 5062404.5 5062404.5 5062404.5 5062404.5 5062404.5 5062404.5 5062404.5 5062404.5 5062404.5 5062404.5 5062404.5 5062404.5 5062404.5 5062404.5 5062404.5 5062404.5 5062404.5 5062404.5 5062404.5 5062404.5 5062404.5 5062404.5 5062404.5 5062404.5 5062404.5 5062404.5 5062404.5 5062404.5 5062404.5 5062404.5 5062404.5 5062404.5 5062404.5 5062404.5 5062404.5 5062404.5 5062404.5 5062404.5 5062404.5 5062404.5 5062404.5 5062404.5 5062404.5 5062404.5 5062404.5 5062404.5 5062404.5 5062404.5 5062404.5 5062404.5 5062404.5 5062404.5 5062404.5 5062404.5 5062404.5 5062404.5 5062404.5 5062404.5 5062404.5 5062404.5 5062404.5 5062404.5 5062404.5
5062386.5 5062386.5 5062386.5 5062386.5 5062386.5 5062386.5 5062386.5 5062386.5 5062386.5 5062386.5 5062386.5 5062386.5 5062386.5 5062386.5 5062386.5 5062386.5 5062386.5 5062386.5 5062386.5 5062386.5 5062386.5 5062386.5 5062386.5 5062386.5 5062386.5 5062386.5 5062386.5 5062386.5 5062386.5 5062386.5 5062386.5 5062386.5 5062386.5 5062386.5 5062386.5 5062386.5 5062386.5 5062386.5 5062386.5 5062386.5 5062386.5 5062386.5 5062386.5 5062386.5 5062386.5 5062386.5 5062386.5 5062386.5 5062386.5 5062386.5 5062386.5 5062386.5 5062386.5 5062386.5 5062386.5 5062386.5 5062386.5 5062386.5 5062386.5 5062386.5 5062386.5 5062386.5 5062386.5 5062386.5 5062386.5 5062386.5 5062386.5 5062386.5 5062386.5 5062386.5 5062386.5
5062368.5 5062368.5 5062368.5 5062368.5 5062368.5 5062368.5 5062368.5 5062368.5 5062368.5 5062368.5 5062368.5 5062368.5 5062368.5 5062368.5 5062368.5 5062368.5 5062368.5 5062368.5 5062368.5 5062368.5 5062368.5 5062368.5 5062368.5 5062368.5 5062368.5 5062368.5 5062368.5 5062368.5 5062368.5 5062368.5 5062368.5 5062368.5 5062368.5 5062368.5 5062368.5 5062368.5 5062368.5 5062368.5 5062368.5 5062368.5 5062368.5 5062368.5 5062368.5 5062368.5 5062368.5 5062368.5 5062368.5 5062368.5 5062368.5 5062368.5 5062368.5 5062368.5 5062368.5 5062368.5 5062368.5 5062368.5 5062368.5 5062368.5 5062368.5 5062368.5 5062368.5 5062368.5 5062368.5 5062368.5 5062368.5 5062368.5 5062368.5 5062368.5 5062368.5 5062368.5 5062368.5
5062350.5 5062350.5 5062350.5 5062350.5 5062350.5 5062350.5 5062350.5 5062350.5 5062350.5 5062350.5 5062350.5 5062350.5 5062350.5 5062350.5 5062350.5 5062350.5 5062350.5 5062350.5 5062350.5 5062350.5 5062350.5 5062350.5 5062350.5 5062350.5 5062350.5 5062350.5 5062350.5 5062350.5 5062350.5 5062350.5 5062350.5 5062350.5 5062350.5 5062350.5 5062350.5 5062350.5 5062350.5 5062350.5 5062350.5 5062350.5 5062350.5 5062350.5 5062350.5 5062350.5 5062350.5 5062350.5 5062350.5 5062350.5 5062350.5 5062350.5 5062350.5 5062350.5 5062350.5 5062350.5 5062350.5 5062350.5 5062350.5 5062350.5 5062350.5 5062350.5 5062350.5 5062350.5 5062350.5 5062350.5 5062350.5 5062350.5 5062350.5 5062350.5 5062350.5 5062350.5 5062350.5
5062332.5 5062332.5 5062332.5 5062332.5 5062332.5 5062332.5 5062332.5 5062332.5 5062332.5 5062332.5 5062332.5 5062332.5 5062332.5 5062332.5 5062332.5 5062332.5 5062332.5 5062332.5 5062332.5 5062332.5 5062332.5 5062332.5 5062332.5 5062332.5 5062332.5 5062332.5 5062332.5 5062332.5 5062332.5 5062332.5 5062332.5 5062332.5 5062332.5 5062332.5 5062332.5 5062332.5 5062332.5 5062332.5 5062332.5 5062332.5 5062332.5 5062332.5 5062332.5 5062332.5 5062332.5 5062332.5 5062332.5 5062332.5 5062332.5 5062332.5 5062332.5 5062332.5 5062332.5 5062332.5 5062332.5 5062332.5 5062332.5 5062332.5 5062332.5 5062332.5 5062332.5 5062332.5 5062332.5 5062332.5 5062332.5 5062332.5 5062332.5 5062332.5 5062332.5 5062332.5 5062332.5
5062314.5 5062314.5 5062314.5 5062314.5 5062314.5 5062314.5 5062314.5 5062314.5 5062314.5 5062314.5 5062314.5 5062314.5 5062314.5 5062314.5 5062314.5 5062314.5 5062314.5 5062314.5 5062314.5 5062314.5 5062314.5 5062314.5 5062314.5 5062314.5 5062314.5 5062314.5 5062314.5 5062314.5 5062314.5 5062314.5 5062314.5 5062314.5 5062314.5 5062314.5 5062314.5 5062314.5 5062314.5 5062314.5 5062314.5 5062314.5 5062314.5 5062314.5 5062314.5 5062314.5 5062314.5 5062314.5 5062314.5 5062314.5 5062314.5 5062314.5 5062314.5 5062314.5 5062314.5 5062314.5 5062314.5 5062314.5 5062314.5 5062314.5 5062314.5 5062314.5 5062314.5 5062314.5 5062314.5 5062314.5 5062314.5 5062314.5 5062314.5 5062314.5 5062314.5 5062314.5 5062314.5
5062296.5 5062296.5 5062296.5 5062296.5 5062296.5 5062296.5 5062296.5 5062296.5 5062296.5 5062296.5 5062296.5 5062296.5 5062296.5 5062296.5 5062296.5 5062296.5 5062296.5 5062296.5 5062296.5 5062296.5 5062296.5 5062296.5 5062296.5 5062296.5 5062296.5 5062296.5 5062296.5 5062296.5 5062296.5 5062296.5 5062296.5 5062296.5 5062296.5 5062296.5 5062296.5 5062296.5 5062296.5 5062296.5 5062296.5 5062296.5 5062296.5 5062296.5 5062296.5 5062296.5 5062296.5 5062296.5 5062296.5 5062296.5 5062296.5 5062296.5 5062296.5 5062296.5 5062296.5 5062296.5 5062296.5 5062296.5 5062296.5 5062296.5 5062296.5 5062296.5 5062296.5 5062296.5 5062296.5 5062296.5 5062296.5 5062296.5 5062296.5 5062296.5 5062296.5 5062296.5 5062296.5
5062278.5 5062278.5 5062278.5 5062278.5 5062278.5 5062278.5 5062278.5 5062278.5 5062278.5 5062278.5 5062278.5 5062278.5 5062278.5 5062278.5 5062278.5 5062278.5 5062278.5 5062278.5 5062278.5 5062278.5 5062278.5 5062278.5 5062278.5 5062278.5 5062278.5 5062278.5 5062278.5 5062278.5 5062278.5 5062278.5 5062278.5 5062278.5 5062278.5 5062278.5 5062278.5 5062278.5 5062278.5 5062278.5 5062278.5 5062278.5 5062278.5 5062278.5 5062278.5 5062278.5 5062278.5 5062278.5 5062278.5 5062278.5 5062278.5 5062278.5 5062278.5 5062278.5 5062278.5 5062278.5 5062278.5 5062278.5 5062278.5 5062278.5 5062278.5 5062278.5 5062278.5 5062278.5 5062278.5 5062278.5 5062278.5 5062278.5 5062278.5 5062278.5 5062278.5 5062278.5 5062278.5
5062260.5 5062260.5 5062260.5 5062260.5 5062260.5 5062260.5 5062260.5 5062260.5 5062260.5 5062260.5 5062260.5 5062260.5 5062260.5 5062260.5 5062260.5 5062260.5 5062260.5 5062260.5 5062260.5 5062260.5 5062260.5 5062260.5 5062260.5 5062260.5 5062260.5 5062260.5 5062260.5 5062260.5 5062260.5 5062260.5 5062260.5 5062260.5 5062260.5 5062260.5 5062260.5 5062260.5 5062260.5 5062260.5 5062260.5 5062260.5 5062260.5 5062260.5 5062260.5 5062260.5 5062260.5 5062260.5 5062260.5 5062260.5 5062260.5 5062260.5 5062260.5 5062260.5 5062260.5 5062260.5 5062260.5 5062260.5 5062260.5 5062260.5 5062260.5 5062260.5 5062260.5 5062260.5 5062260.5 5062260.5 5062260.5 5062260.5 5062260.5 5062260.5 5062260.5 5062260.5 5062260.5
5062242.5 5062242.5 5062242.5 5062242.5 5062242.5 5062242.5 5062242.5 5062242.5 5062242.5 5062242.5 5062242.5 5062242.5 5062242.5 5062242.5 5062242.5 5062242.5 5062242.5 5062242.5 5062242.5 5062242.5 5062242.5 5062242.5 5062242.5 5062242.5 5062242.5 5062242.5 5062242.5 5062242.5 5062242.5 5062242.5 5062242.5 5062242.5 5062242.5 5062242.5 5062242.5 5062242.5 5062242.5 5062242.5 5062242.5 5062242.5 5062242.5 5062242.5 5062242.5 5062242.5 5062242.5 5062242.5 5062242.5 5062242.5 5062242.5 5062242.5 5062242.5 5062242.5 5062242.5 5062242.5 5062242.5 5062242.5 5062242.5 5062242.5 5062242.5 5062242.5 5062242.5 5062242.5 5062242.5 5062242.5 5062242.5 5062242.5 5062242.5 5062242.5 5062242.5 5062242.5 5062242.5
5062224.5 5062224.5 5062224.5 5062224.5 5062224.5 5062224.5 5062224.5 5062224.5 5062224.5 5062224.5 5062224.5 5062224.5 5062224.5 5062224.5 5062224.5 5062224.5 5062224.5 5062224.5 5062224.5 5062224.5 5062224.5 5062224.5 5062224.5 5062224.5 5062224.5 5062224.5 5062224.5 5062224.5 5062224.5 5062224.5 5062224.5 5062224.5 5062224.5 5062224.5 5062224.5 5062224.5 5062224.5 5062224.5 5062224.5 5062224.5 5062224.5 5062224.5 5062224.5 5062224.5 5062224.5 5062224.5 5062224.5 5062224.5 5062224.5 5062224.5 5062224.5 5062224.5 5062224.5 5062224.5 5062224.5 5062224.5 5062224.5 5062224.5 5062224.5 5062224.5 5062224.5 5062224.5 5062224.5 5062224.5 5062224.5 5062224.5 5062224.5 5062224.5 5062224.5 5062224.5 5062224.5
5062206.5 5062206.5 5062206.5 5062206.5 5062206.5 5062206.5 5062206.5 5062206.5 5062206.5 5062206.5 5062206.5 5062206.5 5062206.5 5062206.5 5062206.5 5062206.5 5062206.5 5062206.5 5062206.5 5062206.5 5062206.5 5062206.5 5062206.5 5062206.5 5062206.5 5062206.5 5062206.5 5062206.5 5062206.5 5062206.5 5062206.5 5062206.5 5062206.5 5062206.5 5062206.5 5062206.5 5062206.5 5062206.5 5062206.5 5062206.5 5062206.5 5062206.5 5062206.5 5062206.5 5062206.5 5062206.5 5062206.5 5062206.5 5062206.5 5062206.5 5062206.5 5062206.5 5062206.5 5062206.5 5062206.5 5062206.5 5062206.5 5062206.5 5062206.5 5062206.5 5062206.5 5062206.5 5062206.5 5062206.5 5062206.5 5062206.5 5062206.5 5062206.5 5062206.5 5062206.5 5062206.5
5062188.5 5062188.5 5062188.5 5062188.5 5062188.5 5062188.5 5062188.5 5062188.5 5062188.5 5062188.5 5062188.5 5062188.5 5062188.5 5062188.5 5062188.5 5062188.5 5062188.5 5062188.5 5062188.5 5062188.5 5062188.5 5062188.5 5062188.5 5062188.5 5062188.5 5062188.5 5062188.5 5062188.5 5062188.5 5062188.5 5062188.5 5062188.5 5062188.5 5062188.5 5062188.5 5062188.5 5062188.5 5062188.5 5062188.5 5062188.5 5062188.5 5062188.5 5062188.5 5062188.5 5062188.5 5062188.5 5062188.5 5062188.5 5062188.5 5062188.5 5062188.5 5062188.5 5062188.5 5062188.5 5062188.5 5062188.5 5062188.5 5062188.5 5062188.5 5062188.5 5062188.5 5062188.5 5062188.5 5062188.5 5062188.5 5062188.5 5062188.5 5062188.5 5062188.5 5062188.5 5062188.5
5062170.5 5062170.5 5062170.5 5062170.5 5062170.5 5062170.5 5062170.5 5062170.5 5062170.5 5062170.5 5062170.5 5062170.5 5062170.5 5062170.5 5062170.5 5062170.5 5062170.5 5062170.5 5062170.5 5062170.5 5062170.5 5062170.5 5062170.5 5062170.5 5062170.5 5062170.5 5062170.5 5062170.5 5062170.5 5062170.5 5062170.5 5062170.5 5062170.5 5062170.5 5062170.5 5062170.5 5062170.5 5062170.5 5062170.5 5062170.5 5062170.5 5062170.5 5062170.5 5062170.5 5062170.5 5062170.5 5062170.5 5062170.5 5062170.5 5062170.5 5062170.5 5062170.5 5062170.5 5062170.5 5062170.5 5062170.5 5062170.5 5062170.5 5062170.5 5062170.5 5062170.5 5062170.5 5062170.5 5062170.5 5062170.5 5062170.5 5062170.5 5062170.5 5062170.5 5062170.5 5062170.5
5062152.5 5062152.5 5062152.5 5062152.5 5062152.5 5062152.5 5062152.5 5062152.5 5062152.5 5062152.5 5062152.5 5062152.5 5062152.5 5062152.5 5062152.5 5062152.5 5062152.5 5062152.5 5062152.5 5062152.5 5062152.5 5062152.5 5062152.5 5062152.5 5062152.5 5062152.5 5062152.5 5062152.5 5062152.5 5062152.5 5062152.5 5062152.5 5062152.5 5062152.5 5062152.5 5062152.5 5062152.5 5062152.5 5062152.5 5062152.5 5062152.5 5062152.5 5062152.5 5062152.5 5062152.5 5062152.5 5062152.5 5062152.5 5062152.5 5062152.5 5062152.5 5062152.5 5062152.5 5062152.5 5062152.5 5062152.5 5062152.5 5062152.5 5062152.5 5062152.5 5062152.5 5062152.5 5062152.5 5062152.5 5062152.5 5062152.5 5062152.5 5062152.5 5062152.5 5062152.5 5062152.5
5062134.5 5062134.5 5062134.5 5062134.5 5062134.5 5062134.5 5062134.5 5062134.5 5062134.5 5062134.5 5062134.5 5062134.5 5062134.5 5062134.5 5062134.5 5062134.5 5062134.5 5062134.5 5062134.5 5062134.5 5062134.5 5062134.5 5062134.5 5062134.5 5062134.5 5062134.5 5062134.5 5062134.5 5062134.5 5062134.5 5062134.5 5062134.5 5062134.5 5062134.5 5062134.5 5062134.5 5062134.5 5062134.5 5062134.5 5062134.5 5062134.5 5062134.5 5062134.5 5062134.5 5062134.5 5062134.5 5062134.5 5062134.5 5062134.5 5062134.5 5062134.5 5062134.5 5062134.5 5062134.5 5062134.5 5062134.5 5062134.5 5062134.5 5062134.5 5062134.5 5062134.5 5062134.5 5062134.5 5062134.5 5062134.5 5062134.5 5062134.5 5062134.5 5062134.5 5062134.5 5062134.5
5062116.5 5062116.5 5062116.5 5062116.5 5062116.5 5062116.5 5062116.5 5062116.5 5062116.5 5062116.5 5062116.5 5062116.5 5062116.5 5062116.5 5062116.5 5062116.5 5062116.5 5062116.5 5062116.5 5062116.5 5062116.5 5062116.5 5062116.5 5062116.5 5062116.5 5062116.5 5062116.5 5062116.5 5062116.5 5062116.5 5062116.5 5062116.5 5062116.5 5062116.5 5062116.5 5062116.5 5062116.5 5062116.5 5062116.5 5062116.5 5062116.5 5062116.5 5062116.5 5062116.5 5062116.5 5062116.5 5062116.5 5062116.5 5062116.5 5062116.5 5062116.5 5062116.5 5062116.5 5062116.5 5062116.5 5062116.5 5062116.5 5062116.5 5062116.5 5062116.5 5062116.5 5062116.5 5062116.5 5062116.5 5062116.5 5062116.5 5062116.5 5062116.5 5062116.5 5062116.5 5062116.5
5062098.5 5062098.5 5062098.5 5062098.5 5062098.5 5062098.5 5062098.5 5062098.5 5062098.5 5062098.5 5062098.5 5062098.5 5062098.5 5062098.5 5062098.5 5062098.5 5062098.5 5062098.5 5062098.5 5062098.5 5062098.5 5062098.5 5062098.5 5062098.5 5062098.5 5062098.5 5062098.5 5062098.5 5062098.5 5062098.5 5062098.5 5062098.5 5062098.5 5062098.5 5062098.5 5062098.5 5062098.5 5062098.5 5062098.5 5062098.5 5062098.5 5062098.5 5062098.5 5062098.5 5062098.5 5062098.5 5062098.5 5062098.5 5062098.5 5062098.5 5062098.5 5062098.5 5062098.5 5062098.5 5062098.5 5062098.5 5062098.5 5062098.5 5062098.5 5062098.5 5062098.5 5062098.5 5062098.5 5062098.5 5062098.5 5062098.5 5062098.5 5062098.5 5062098.5 5062098.5 5062098.5
5062080.5 5062080.5 5062080.5 5062080.5 5062080.5 5062080.5 5062080.5 5062080.5 5062080.5 5062080.5 5062080.5 5062080.5 5062080.5 5062080.5 5062080.5 5062080.5 5062080.5 5062080.5 5062080.5 5062080.5 5062080.5 5062080.5 5062080.5 5062080.5 5062080.5 5062080.5 5062080.5 5062080.5 5062080.5 5062080.5 5062080.5 5062080.5 5062080.5 5062080.5 5062080.5 5062080.5 5062080.5 5062080.5 5062080.5 5062080.5 5062080.5 5062080.5 5062080.5 5062080.5 5062080.5 5062080.5 5062080.5 5062080.5 5062080.5 5062080.5 5062080.5 5062080.5 5062080.5 5062080.5 5062080.5 5062080.5 5062080.5 5062080.5 5062080.5 5062080.5 5062080.5 5062080.5 5062080.5 5062080.5 5062080.5 5062080.5 5062080.5 5062080.5 5062080.5 5062080.5 5062080.5
5062062.5 5062062.5 5062062.5 5062062.5 5062062.5 5062062.5 5062062.5 5062062.5 5062062.5 5062062.5 5062062.5 5062062.5 5062062.5 5062062.5 5062062.5 5062062.5 5062062.5 5062062.5 5062062.5 5062062.5 5062062.5 5062062.5 5062062.5 5062062.5 5062062.5 5062062.5 5062062.5 5062062.5 5062062.5 5062062.5 5062062.5 5062062.5 5062062.5 5062062.5 5062062.5 5062062.5 5062062.5 5062062.5 5062062.5 5062062.5 5062062.5 5062062.5 5062062.5 5062062.5 5062062.5 5062062.5 5062062.5 5062062.5 5062062.5 5062062.5 5062062.5 5062062.5 5062062.5 5062062.5 5062062.5 5062062.5 5062062.5 5062062.5 5062062.5 5062062.5 5062062.5 5062062.5 5062062.5 5062062.5 5062062.5 5062062.5 5062062.5 5062062.5 5062062.5 5062062.5 5062062.5
5062044.5 5062044.5 5062044.5 5062044.5 5062044.5 5062044.5 5062044.5 5062044.5 5062044.5 5062044.5 5062044.5 5062044.5 5062044.5 5062044.5 5062044.5 5062044.5 5062044.5 5062044.5 5062044.5 5062044.5 5062044.5 5062044.5 5062044.5 5062044.5 5062044.5 5062044.5 5062044.5 5062044.5 5062044.5 5062044.5 5062044.5 5062044.5 5062044.5 5062044.5 5062044.5 5062044.5 5062044.5 5062044.5 5062044.5 5062044.5 5062044.5 5062044.5 5062044.5 5062044.5 5062044.5 5062044.5 5062044.5 5062044.5 5062044.5 5062044.5 5062044.5 5062044.5 5062044.5 5062044.5 5062044.5 5062044.5 5062044.5 5062044.5 5062044.5 5062044.5 5062044.5 5062044.5 5062044.5 5062044.5 5062044.5 5062044.5 5062044.5 5062044.5 5062044.5 5062044.5 5062044.5
5062026.5 5062026.5 5062026.5 5062026.5 5062026.5 5062026.5 5062026.5 5062026.5 5062026.5 5062026.5 5062026.5 5062026.5 5062026.5 5062026.5 5062026.5 5062026.5 5062026.5 5062026.5 5062026.5 5062026.5 5062026.5 5062026.5 5062026.5 5062026.5 5062026.5 5062026.5 5062026.5 5062026.5 5062026.5 5062026.5 5062026.5 5062026.5 5062026.5 5062026.5 5062026.5 5062026.5 5062026.5 5062026.5 5062026.5 5062026.5 5062026.5 5062026.5 5062026.5 5062026.5 5062026.5 5062026.5 5062026.5 5062026.5 5062026.5 5062026.5 5062026.5 5062026.5 5062026.5 5062026.5 5062026.5 5062026.5 5062026.5 5062026.5 5062026.5 5062026.5 5062026.5 5062026.5 5062026.5 5062026.5 5062026.5 5062026.5 5062026.5 5062026.5 5062026.5 5062026.5 5062026.5
5062008.5 5062008.5 5062008.5 5062008.5 5062008.5 5062008.5 5062008.5 5062008.5 5062008.5 5062008.5 5062008.5 5062008.5 5062008.5 5062008.5 5062008.5 5062008.5 5062008.5 5062008.5 5062008.5 5062008.5 5062008.5 5062008.5 5062008.5 5062008.5 5062008.5 5062008.5 5062008.5 5062008.5 5062008.5 5062008.5 5062008.5 5062008.5 5062008.5 5062008.5 5062008.5 5062008.5 5062008.5 5062008.5 5062008.5 5062008.5 5062008.5 5062008.5 5062008.5 5062008.5 5062008.5 5062008.5 5062008.5 5062008.5 5062008.5 5062008.5 5062008.5 5062008.5 5062008.5 5062008.5 5062008.5 5062008.5 5062008.5 5062008.5 5062008.5 5062008.5 5062008.5 5062008.5 5062008.5 5062008.5 5062008.5 5062008.5 5062008.5 5062008.5 5062008.5 5062008.5 5062008.5
5061990.5 5061990.5 5061990.5 5061990.5 5061990.5 5061990.5 5061990.5 5061990.5 5061990.5 5061990.5 5061990.5 5061990.5 5061990.5 5061990.5 5061990.5 5061990.5 5061990.5 5061990.5 5061990.5 5061990.5 5061990.5 5061990.5 5061990.5 5061990.5 5061990.5 5061990.5 5061990.5 5061990.5 5061990.5 5061990.5 5061990.5 5061990.5 5061990.5 5061990.5 5061990.5 5061990.5 5061990.5 5061990.5 5061990.5 5061990.5 5061990.5 5061990.5 5061990.5 5061990.5 5061990.5 5061990.5 5061990.5 5061990.5 5061990.5 5061990.5 5061990.5 5061990.5 5061990.5 5061990.5 5061990.5 5061990.5 5061990.5 5061990.5 5061990.5 5061990.5 5061990.5 5061990.5 5061990.5 5061990.5 5061990.5 5061990.5 5061990.5 5061990.5 5061990.5 5061990.5 5061990.5
